1	2	3	4	5	6	7	8	9	10	11	12	13
AURKAIP1	0.863075002538243	0.608112931856634	0.711767994142585	1.01908861368255	0.846745107300413	0.878004710023963	1.02830395200681	1.25943157500651	1.03966245732265	0.973395142519721	1.15068785289128	1.01390762664399	1
HP1BP3	1.07082207234973	1.16900629531418	1.12737120917629	0.931988782804573	1.14159324243201	0.939141725456036	0.996846117590946	1.03954566165962	0.847054770271903	0.947443071106938	1	0.997835565156176	1.08230596639981
STMN1	1.13261888689927	0.927992237960698	1	0.926431601388296	0.873390903846233	0.839066870418545	1.06045582766904	0.777610803299536	0.71714211490464	1.25880509194517	1.06128556831368	1.15614463648942	1.1852606768023
ATPIF1	0.888602984086501	0.615268689945329	0.71027584912348	1.00114798918345	0.768129695186491	0.737409546087366	0.929633633312624	1	1.07458063096424	1.07714401444365	1.17379243670862	1.2181474989037	1.2268497501872
YARS	1.04075279688792	1	0.956438326082837	0.970135498347446	1.17629992210517	0.980629364266329	1.08289120246152	1.14660767142527	1.52752263938106	0.882209912847852	0.896573307989969	1.03308278726164	0.934732984086796
CLSPN	1	1.35587425610769	1.05280337710027	2.16962907815571	2.58038312689438	5.11774742843162	0.688924283882789	0.958856259300123	0.641765877293456	0.820900222715829	0.815956921530347	0.733006786873788	1.03410529909881
CDCA8	1.05292186267584	3.58948752271268	2.69043221936146	1.0821472311719	2.16592128370684	1.92137408352953	0.832488531980305	0.998527671157129	0.864117095848878	0.801805360698647	1	0.697036067333091	0.960123283961616
PPIH	1.15002008743658	1	1.11822725652569	1.33781898603473	0.961380555586557	1.18965659285538	1.02992692121942	1.02634616301549	0.86199657194995	0.841478062080655	0.838257267853987	0.890474925181883	0.979636414146264
CDC20	4.13176092775536	5.44967612681366	6.17835374993805	1.03049369416144	2.10378958689962	1.32399053982085	1	0.639055264303775	0.703498222215847	0.56616516158941	0.456694890605731	0.614747318705056	0.668601709342764
KIF2C	1.95207699212714	6.06667670707591	4.95006933455226	1.6532136418931	3.67578547638111	2.96712301396184	0.910414172896268	0.993145636207966	0.948578206548465	1	0.965325050057486	0.778775394104712	0.841719589916788
STIL	0.945249337161515	1.89917192894404	1.36060139725298	1.34059998133166	1.74482792059415	1.70343215187884	0.975403664799772	1.01495791874922	0.963727774692125	0.916036693489528	0.854863429375497	0.880290354326623	1
TXNDC12	1.45505147442244	1.0966288472314	1.30825264588331	0.949849057391633	0.991846076426106	0.86711232477719	1.16496237663621	1.01057793884066	1.03227409550187	0.905030538073559	1	0.878168874901224	0.866258518469125
USP1	0.689079983162579	1.03948705629273	1	1.16817573192978	1.44611212673978	1.66964813963175	0.869610733838381	1.1413002618964	0.85065987660656	0.938682391880386	1.20662407090289	0.907121097018626	0.961400407756625
ITGB3BP	1	1.06377393438098	1.01789128396348	1.038334853727	1.47062286174523	1.54782730033231	0.895440658871417	0.954191846174819	0.8637289228958	0.915349705011863	0.927232364594359	0.941831435199899	1.00736220193731
DEPDC1	0.890577484678026	3.29815963044883	2.63281090925833	1.91657894437758	2.34161264878108	1.79205705388599	0.609383623016043	1.42550924290626	0.831239972043983	0.78438712963876	0.715299674652655	0.794613413668627	1
CCDC18	0.821170772131403	1.44939027066439	1.10324368362195	1.16482051555828	1.20850698113353	1.32654468663449	0.805545923207805	1.1465932818398	0.858412316083594	1	0.832527588471076	0.691502495842006	0.841283293124792
SASS6	0.730374590795276	1.26141443448857	1.03351162193958	1.65070312463549	1.378358717914	1.44577562257401	0.805040885738591	1.27363943922925	0.886326575416271	0.753247054439998	1	0.711660661536825	0.909021340358485
GPSM2	0.830559599310108	2.09231755867393	1.66715897564904	1.02019232831186	1.38005876635166	1.1579517353507	0.763740499273575	1.06478515599385	0.744891609125665	0.802395751152271	0.93608525022829	0.987496637420113	1
PSRC1	1.20726167834239	3.48264359621517	2.53456193877781	1.11472373594045	1.95577188728479	1.23757164441191	0.803506455264543	0.943018053782162	0.840675385317907	0.883107201122301	0.854504182894932	1	0.851139000284487
HIST2H2AC	0.899995501703136	0.776367219582326	0.648011828571967	0.89819264455501	2.71026190288457	2.09744018817108	1.00151448533578	1	0.820716037160788	1.15377507143351	1.06479999489783	1.02482507754604	0.954415143763176
ANP32E	1.39714260007179	1.09474317618853	1.43951111811978	0.943127380761658	1.08135152514326	0.986082921946887	1.04494536667854	1	0.894848936919668	0.973929526511653	0.981880213356918	0.995616915062452	1.15856216582245
PFDN2	0.96260980606636	0.618256240700666	0.867581545628656	1	0.798470425511424	0.835729681297198	1.07746887875437	1.17983758080268	1.55796314494542	0.866441168059634	1.15154122596173	1.06340882215232	1.20249090984383
NUF2	3.34689146186447	5.92880826590155	5.69631757683423	1.32633123333688	3.78446271772714	2.27360258615955	1	0.736708187208941	0.68951282071393	0.902321992164231	0.831523867619124	0.668037263888306	0.578049183885174
CACYBP	1.05843113057611	0.845964713154749	1.0349723850596	1.04909455981343	0.876373990353096	0.943685883430426	1.06623457509901	0.807749201090847	0.923657017017757	0.883327418694253	1	1.10729537508022	1.13471486057387
ASPM	1.40124899802533	5.6543218656855	3.38345855112843	2.11434137501241	3.10036888476014	2.10412425207645	0.703395369943883	1	0.741253672065201	0.903015958357257	0.93895262220121	0.853712779108043	0.79488121025589
KIF14	1.14338534984211	2.70768462881103	1.92333361425075	1.23181937918512	2.03123248160258	1.4389348883314	0.852786256228673	0.974086081445838	0.820182226508839	0.812649269751052	0.757456232587805	1	0.79906743021156
UBE2T	1	1.98637353486324	1.69104586328839	1.06587443874935	1.68261122872061	1.51039658995064	0.454926846682685	0.653597394941006	0.789556481870318	0.702824704490434	0.717271609528039	0.59078112428122	1.08824861096727
NUCKS1	1.09582549118319	1.1691310363953	1.03943133342529	0.962221705326814	1.16655152906783	0.911837327124646	1	0.842317867698613	0.892262608923987	0.985454596779044	0.919320765788512	1.04775892066575	1.0241675150581
NEK2	1.39626224145937	6.72639800905822	4.30811149979254	1.41411588191217	2.63394012488211	1.55282835421135	0.806036370269252	0.957628846162326	0.77727907986985	0.683842607419755	1	0.806259002480601	0.843245546343552
CENPF	1.76302713398032	7.05165821000405	3.98334248370703	1.28888692473647	4.26420745322671	2.34273153497137	0.907076486982127	1	0.634389537827951	0.914846471216916	0.702088971142109	0.654727451054784	0.763541776805362
LBR	1	1.18544124790406	1.22727905579758	0.938786578935603	0.919382314288023	0.842093210877216	0.816661000227583	1.16205057155768	0.936457526553805	1.04640594583105	1.04803937722121	0.970279077153052	1.18146115336948
RRM2	1.80508068238818	2.77956953399572	2.81997499663828	1	3.53752469184333	3.85032525875404	1.16157353774043	0.873973486805055	0.773984381729982	0.934779396392427	0.645117927813689	0.946612617382682	0.836583487187289
CENPA	2.45246738186414	4.98960240166806	4.41826177882318	1.02963458730308	3.35996736127046	1.528762563491	0.976544605688329	0.86397607801555	0.8322289176889	0.80947494341744	1	0.820887692360065	0.776385324061244
SRSF7	1.12848780663799	0.777606524161061	1	1.07205016384165	0.733454429418439	0.902396668469358	1.04128806847089	0.960186452372768	0.951109897827753	0.888387907206335	1.03769753900479	1.15360913704286	1.24100707061861
CALM2	0.783609296088383	1.2888326717258	0.896971027119717	1	0.89323953144109	0.809326574811947	0.847574224966839	0.850142372183673	1.11571486562526	1.17373933466904	1.28975578706732	1.27056653129746	1.18610126306011
TPRKB	0.801449561903843	0.883403665826511	0.892206182572015	1.26592982918709	1.01516339283689	1.04094411551811	0.833497661741712	1.0268413895508	1	0.882760736207877	0.942727449052044	1.06525571355237	1.1257009518021
BOLA3	0.966829379786335	0.691188040173134	0.786995812626207	1.13678863118354	0.987787685411974	1.03610315748252	1.23215390295622	1.27731020847591	1.14920552725937	0.801951228404607	0.96965529679828	1	1.25302056620599
MTHFD2	0.885448957076752	1	0.818279514405435	1.21731230833796	1.48411607762403	1.33416272834859	0.898039382140457	1.24329261365119	1.77890975645312	0.774175028765183	0.996528316381538	1.09739010140015	0.769006845304603
NCAPH	1.10641082192011	3.09126575997831	1.84681395046586	1.42829553672949	2.37137972162182	2.0530557304275	0.863913603500352	1	0.877266322068326	0.798415489470698	0.981995206518205	0.845662631649966	0.946343789342254
BUB1	1.56252616801408	3.04960417113112	3.23493214117893	1	1.54429262603194	1.19260526293786	0.735088019598374	0.924850453645426	0.917298461208984	0.753849733073936	0.859759824079829	0.778350209851968	1.00136645538217
CKAP2L	1.15937802073317	4.58507201432826	2.66855791517984	1.38381387461553	3.07429126411987	2.33515437705058	0.986174372520247	0.857222093105288	0.886000865414478	0.989517736808169	1	0.89390603400143	0.897285400116519
PKP4	1.09637504006821	1.00208740180623	1.03875020773648	1.12580435929317	1	0.994940534056428	0.939116981245567	1.03162242463675	0.816668721196462	0.980850856685691	1.06472335960377	0.942204222114675	0.874992986656764
PSMD14	0.952503117176814	0.965910232735995	0.964557798014407	1.09757181183783	0.98555541890857	1	1.00971873723368	0.98947969846683	1.31240269464719	0.965739205543721	1.05921923092657	1.3063638483705	1.17866188072153
SPC25	1.41507542525287	4.07997891526429	2.93356243777818	1.39793371100609	3.86754062409122	3.56259370361428	0.778981429385236	1	0.783699604732526	0.836234603087246	0.811493915334885	0.935645782600432	0.93200193006508
HAT1	0.949555039760157	1.10302710477494	1.1163370128657	1.25701745975144	1.31035879451638	1.60344707590609	0.800174098562401	0.905348952331961	1	0.818487604937522	0.938481549553831	0.97586923810464	1.06549173170961
HSPE1	0.988296295796624	0.619680781450609	0.905906783782105	1	0.756617702203294	0.822976464866077	1.25319112123674	1.00440001344585	0.997485028948417	1.12087903203683	1.01839498316893	1.19259232170252	1.30285300766555
C2orf69	1.02881178600054	1.38670703215949	1.25796770678906	1.23149112884197	1	1.05785166395094	0.981743028542888	1.06705801346657	0.956621876981329	0.927553218629708	0.850694793385855	0.944511273782284	0.875586474449586
SGOL2	1	4.77853001949764	3.27994762946157	1.35893494918426	2.28426013272369	1.33321361177873	0.588617560431383	1.06551153305528	0.703220760473658	0.648243600742131	0.792340990079327	0.765982860053947	0.74934712736494
PTMA	0.995040495964561	0.613361470168445	0.707985866623655	1	0.722750216700788	0.814567664124549	1.16661973816509	1.13542948049957	0.914098454025297	1.43336741533789	1.25997945097723	1.36931342616956	1.3665752862361
HJURP	1	4.42795474754489	2.09714890962561	1.11271444571675	2.53042036935134	2.09802307768907	0.820342371743616	0.990920708584583	0.847660504361049	1.10858233888595	0.896286855205731	0.771004487180702	0.867989247798505
DTYMK	1.23401736930668	1.4066520536663	1.54135332882541	1.2471580069347	1.39005169870876	1.34824184039377	0.875049698196215	0.882764584523523	0.952106286110336	0.777364198067526	0.814322243148371	0.929548585822524	1
FANCD2	1.10039411404609	1.54992133347401	1.31440686266465	1.39712440891965	1.94058796012947	1.65223257631699	1	0.889232909437762	0.819399989891819	0.892248382001569	0.918457202773891	0.914714959034262	0.80240604198222
LSM3	0.886476410970235	0.879147763979959	0.84366956539828	1.51718985731839	1.13988438740728	1.33212963245223	0.97064299390468	1.46353523973211	1.0937668107114	0.770995612644169	1.19311475191412	0.950975836122995	1
SGOL1	1	3.14662796877722	1.76371934443682	1.6289213812281	2.59561346435968	2.31032387133956	0.698101896017561	1.06815963174695	0.685853670242075	0.931562027991695	0.85033832667689	0.73681691575032	0.827511560172305
KIF15	1	1.82266905927196	1.69167320190863	1.10806745978095	2.04855198644918	1.60789861832493	0.806823927471521	1.08181017316153	0.791531184552342	0.794520169305942	0.849674227232411	0.854307996482053	0.748974419138928
NDUFAF3	0.896226796661312	0.717145807746231	0.805661839285437	0.962371652606019	0.85987552818837	0.77348813118211	1.08502367550402	1.02718759058875	1.14806955753488	1.14261767679392	1.05386589308027	1	1.16082719295765
TRAIP	1	1.47317165401584	1.30035580203465	1.5105381119131	1.43663485299176	1.35106843959947	0.851868182569474	1.10763326895618	0.987349375458688	0.787940258645303	0.855895275969425	0.997927669825858	0.912395547635001
POC1A	1.04015474835585	1.54763120380148	1.4289634733049	1	1.37354797834912	1.22675450707046	0.68100380825071	1.01286304370972	0.680486947061463	0.791401543073189	0.683977165016511	0.648662225318692	0.64159767596807
KIAA1524	1.09654252053633	2.01265673880507	1.93312955326254	1.32687075369303	1.86136145561647	1.8900343296148	0.796725063923743	0.885973591255214	0.798737377009093	0.875115505919236	1	0.803389162840359	0.896283518078266
COX17	1.22146042864059	0.943610297293674	1.03524148179311	1.01255491473766	1.05124234944213	0.982155218702724	1.2834680067658	1.10996872462989	1	0.778317037588069	0.936492926250311	0.831965107457587	0.921459085460197
TOPBP1	0.927886402065207	1.07378218387059	0.84043712618846	1.17496629182622	1.53609654044655	1.82493617098268	1.01010469949833	1.35852324542617	1	0.983442474861504	0.930273290874308	0.78976202366272	0.889876175530684
CEP70	1.25505551286101	1.35707002347108	1.3059774525815	0.868164251274236	0.996326798964816	0.765439349966224	0.973454629218273	1.02829154426684	0.90195688035594	1.15193161163373	1.16491679257348	1	0.906207640911469
SMC4	1.1737663407582	2.39207625414907	2.19467487979712	1.22222897383146	2.08026844281751	1.67436776115548	0.611834629215371	1	0.633630542361804	0.835552210457605	0.564494945816955	0.658909643206358	0.658772283720475
ECT2	1.19000433696083	2.01300527254976	1.79511979173807	1.30930843862693	1.50842166342323	1.41952048136358	0.538331021106903	1	0.697661501463369	0.593119433874636	0.686565926287931	0.610016289032332	0.77279576973126
RFC4	0.793337474487271	1.00688546290854	0.987818649664248	1.90043847492746	1.53058433756892	2.13530438020099	0.624559586064214	1.25812889675436	1.02757178389678	0.685219644764468	0.726372656846801	0.817706989713415	1
TACC3	1.71681715760189	3.2656146093886	3.09082697749145	1.47707858843764	2.07165786071001	2.00797667539729	1	0.994977440736897	0.855150594875629	0.808979465940848	0.616125568012962	0.868128492162331	0.822860392579043
WHSC1	0.974977363228951	1.0011334559736	0.954731466729273	1.15925127329023	1.15477179389847	1.20876655387411	1	1.03694662722902	0.831437488986996	0.827998381548642	1.13878879000805	0.792861750490767	0.80322891474986
LYAR	0.909690319203103	0.67648239965106	1.01084007751513	1.28959901761259	0.986928603986513	1	1.01470102533338	1.51288944401342	1.18481616188634	0.696423261596377	0.762060035249453	0.986539949332656	1.17698496140547
NCAPG	1.40360818266451	3.59786816837889	2.73620933159199	1.14319048886613	2.5165629098968	2.29275661725334	0.722338055745776	1	0.849627227991737	0.935658488657514	0.692585583702882	0.777620257564884	0.669314631291633
NMU	1.99962293622471	1.29662765485027	1.59552441270264	1.15441690211941	0.93074600096679	1	2.21075718942939	0.779696310966469	0.690906921559704	1.04589919362463	0.538639452515659	0.946459057121697	0.887888255789235
H2AFZ	1.22079131705188	0.946130881423871	1.03963601144173	1.08288365999928	1.14230949211315	1.1530387876396	1.13732710750909	1	0.943074663565572	0.927194474548309	0.940094712983982	0.939753330185945	0.870227430581453
CENPE	1.51829588424763	4.770287380621	3.35017978975185	1.06781658001749	2.51075754501917	1.43682107906603	0.804428811654178	0.96546582612681	1	0.745765161311451	0.933315044835409	0.89037619581061	0.84892286054153
MAD2L1	3.03347168490674	4.54533381304279	4.65476235816934	2.10284375527255	3.24523696320804	2.90045170797868	0.881154051137337	0.911204003365659	1	0.831044560123179	0.885109553421915	0.731585852988792	0.821247929077947
CCNA2	1.4640286661182	6.85546606846453	5.11869262937953	1.48388583438346	4.22514929788823	3.17344571117913	0.834628246316622	1	0.967513006944171	0.865389153677434	0.996183967078882	0.743466651947125	0.976999706615886
PLK4	0.920114429810284	1.15941223499901	1.20893879425645	1.25851964396357	1.31161660104152	1.32320759685132	0.730630502617322	0.830150796813534	0.800741499172845	0.742999796734657	1.01551916325076	0.917845073255673	1
SCLT1	0.839556004763336	1.66786396930968	1.35777977040266	1.15883805726691	1.18201999765108	1.07973472785457	0.743223181115083	1.00261675206295	0.875888314241066	1	0.83391399873025	0.89985945219411	0.661515122927097
MND1	1.34662963855209	1.4895093754433	1.29412483849645	1.31868368366349	2.12548426800178	1.90181833743389	0.893164568533925	1	0.613272522752283	0.802392797151797	0.775150379102211	0.593049989180389	0.599795360562603
HMGB2	3.92216249689524	5.61235696308297	6.27552358293999	1.55270494095172	4.48084282893355	3.44719065546549	0.903331997193326	0.706684490839127	0.743725206997868	0.822575135435825	1	0.905405352599203	0.818098347522456
NEIL3	0.92749415442614	1.75012320471499	1.34877115617214	1.03527522025806	1.55299557709981	1.53054379439528	0.978958595300277	1	0.863160002450823	1.09279479841457	0.901741885653065	0.946085440066608	0.915067410653278
CENPU	1.18172744040578	1.70623311267971	1.67190543016822	1.63954803604149	2.13998666773683	2.77654833302773	0.705257470357499	1	0.824586993204333	0.889338865137075	0.759497236339619	0.759193450832068	0.807840691006937
TRIP13	1.10942387654671	1.13812487971207	1.08391185841866	1.33857876677254	1.18241761741765	1.31114931681298	0.846879520659659	1	0.902897588445174	0.784325456766824	0.755673317358918	0.842530407188097	0.962924874047743
CCT5	1.15889801486412	0.900557240590015	0.858828320460119	0.989395193083586	0.813879043133579	0.737354340649913	1.1497022425985	0.781584103796567	1.33256192918962	1	1.00560603961057	1.51752316181333	1.31388075805806
DEPDC1B	1.34580042617597	2.19680728842237	2.15586600206418	1.0932411092541	1.47000114197308	1.20683140331781	0.807433187934485	1	0.758830278003959	0.823567792415988	0.711570774516372	0.753456527678991	0.725392504160546
CENPK	1	1.54580968413451	1.59969931597468	1.27599379564075	2.2891440087418	2.17842670127435	0.769869643885267	1.02501226163521	0.748217880636544	0.804899563596589	0.940734416594962	0.730974494862441	0.910378106521668
CCNB1	2.61991416071075	6.96971593235717	6.80391047624772	1.37831249399373	2.20623872738143	1.05573003176215	0.984605167210858	0.741230156987221	0.8532965994294	0.787945600926115	1	0.912383329620151	0.829589226009114
TAF9	0.917618400798993	0.78046804354602	0.875800888124802	1.01423272205729	0.849261942973148	0.857017973063456	1.07248816689725	1.09844853115149	1.28064319004138	1	0.982957697212338	1.15665350352049	1.04961785215104
BRD8	0.967903206058466	1.21643884386401	1.14734141495065	0.899865927415137	0.908755448568891	0.800957188067633	0.881304383876264	0.992361552117277	1.04630286105351	1.16676249200097	1.11569626528857	1.27519836094791	1
KIF20A	1.41869107379119	3.51882167882218	2.96861370890653	1.02610467696604	1.6190844427664	1.29627467966678	0.925137855459571	0.928594375327501	0.895555450384234	0.91767064439358	0.835558741096762	0.835558741096762	1
CDC25C	1	2.02139715341783	1.53143770545401	1.05597292466268	1.45440662567972	1.24372795886729	0.968580341775865	0.873393849267674	0.922962379379095	0.96654512636514	0.959775004160461	0.979745920925429	1.00799514033901
PTTG1	3.65214732628445	3.68399801336158	4.1163650171612	0.665924524188871	1.82611136929398	1	1.51885115224434	0.746812752257532	0.614870352802095	0.920873071875712	1.00352431070753	0.800004512318047	0.505585740217768
HMMR	1.62825075339708	5.33305901142359	4.12433248934371	1.61207147901979	2.53741920808488	1.74590679043822	0.801757701783778	1	0.908965244716177	0.874958042717079	0.97189980728246	0.94582932227448	0.776689936322199
SPDL1	0.991454645826354	1.97286990210038	2.11134906575201	1.09354366946203	1.3892733510959	1.19075171354684	0.655554956758119	1.07946444953551	0.795205085745674	0.746512863009288	0.859310003221362	0.822516939043462	1
MXD3	1.34905275863185	2.80738077266776	2.01596368061286	0.891551958222662	2.1787344002665	1.54563988297927	1	0.924945490343372	0.827316120133678	1.28270922804635	0.835112081620745	0.696114986782735	0.7674908270802
DEK	1.05033930727205	0.919981773840275	1	1.37157092588278	1.42038077758442	1.57583423730478	0.888464400831224	1.1672324783091	0.959257854620234	0.927740413422058	0.963953282569746	1.01082766665364	0.854256044863128
GMNN	0.744372569046971	1.2469831060493	1.15657927686717	1.45703101419375	1.4050130161017	1.97292981832841	0.648464119530136	0.993069260360009	0.884216648955977	0.956641183008613	1	1.14962147226132	0.969202663227449
HIST1H4C	0.676712287345238	0.558466741157392	0.387426613428766	1.2892820897954	2.42320182490767	2.5394542106196	0.736043706811317	1.23095308301052	0.835510218281844	1.07568416854447	1.16054897880341	1	0.963873211610679
ZNF165	0.957251365474903	1.76988067124951	1.4555592060993	0.954358562064146	1.1213892999116	0.994208799452024	0.863048171142873	1.04872176370912	0.895394374897948	0.978490066809575	1.1298350427328	1.19791735888223	1
MDC1	1	1.13700510426497	1.20120288618026	1.01750755339572	1.02134501933199	1.01781680346791	0.957740896753297	1.15830856441539	0.866085765907402	0.682333452935958	0.903261862890074	0.813313663685535	0.85274780435818
TUBB	0.777631457632316	0.848533373425888	0.62046807403881	1.01437682629452	1	1.06996210423549	0.883056683525161	0.953852776074652	0.803639401802666	1.28989521567531	1.01843745841322	1.20528836417026	1.11611282283933
HSPA1B	1	1.4267321486036	1.18939392746966	0.985666310244306	0.783675863057209	0.977745275177027	1.04346074989872	1.08103525709107	0.949291495082043	0.995737626223125	1.12081759691634	0.949797168211068	1.16070009801672
KIFC1	1.10148229625426	1.79327667382069	1.38818212373177	1.17173036140947	1.67984379707417	1.61198788072187	0.968137654154663	0.948637733208623	0.976579498549071	0.937478217679917	0.947923154467299	0.853593960050781	1
SNRPC	0.952895908297609	0.690272714449411	0.924422047478595	0.950290644248071	0.69141201541324	0.750673906024162	1.11924004238772	1	1.04771735454243	1.17468885345933	1.18077152668333	1.25594253210996	1.21241070244883
SRSF3	1.14032099696609	0.810468430885615	0.959579725166382	0.912654825003118	0.812371892772559	0.817694801450866	1.27057960369463	0.987185228625756	1	1.17838401148278	1.05796483620245	1.18076655607035	1.21446158961468
TTK	1.06117322862881	2.8189807808877	1.87543728181719	1.38602382480991	1.79473597450587	1.70804914791797	0.714367792962529	0.942660171667024	0.91808038769296	0.809175103306925	0.854647904125614	0.674621029756788	1
CENPW	1.6074824497946	2.16170434459808	2.0588127625423	1.61507193676879	2.01510014489627	1.78103405980094	1	0.81800312056383	0.453229529123449	0.394186629061853	0.4752156421213	0.421003746721572	0.426269232331436
MTFR2	0.952738906806671	1.90861470965343	1.17279834078324	1.44019762951	1.7811545774666	1.92373437953464	0.899033930822381	1	0.945275364505831	1.02751408768113	0.903283994016696	0.987417585724429	0.962912540272316
FBXO5	0.769431638544774	2.08252555083436	0.818972040430501	1.00105885690258	2.08531910035977	2.21538360791984	0.843573387808353	0.904575921473749	0.986546423299152	1.31979202220279	1.26656610314108	1	0.987212639582946
ACTB	1.02179475649534	0.803978786703177	0.95793057743186	1	0.821742028696161	0.84153807192195	1.282634943414	0.989293265974083	1.12630626379842	0.832807396205869	1.12466731362473	1.15521303723882	1.36684860294488
RPA3	1.26914640526791	0.878609026127409	1.06298218029906	1.34088463850362	1.21939875783512	1.47679669938679	1.25578920569757	0.956203957657212	0.921048658537079	0.84427661936683	0.966316119843682	0.892916502662453	1
CYCS	1.02513759863624	0.814303061211337	0.893291176191669	0.945064380771924	0.764617514928251	0.857801006774537	1.1759453054492	1.10004644408066	1.21119910532051	0.799336076202882	1.06828275926594	1	1.10795053028234
LSM5	1.04908811617698	0.901799490691687	0.977354496426728	1.13728115720356	0.910792858927848	0.987046186723842	1.04999753277226	1.2085647533696	1.00350947665924	0.922188638017798	1.02087010792068	0.956475446818991	1
ANLN	1.08157625568869	2.92204448338382	2.59319451525656	1.02981042459633	1.98714222538426	1.82830248771625	0.800860970043412	1	0.698061512427243	0.652865407091106	0.994090717257861	0.816036834886367	0.805874912338832
H2AFV	1.15969890259577	0.952321704312053	0.988452065990469	0.958717522886208	1.14251646814811	0.998994723601359	1.20760278237996	0.960947048917325	0.861965722371423	1.0024601299562	1.10039615625456	1.07971830417296	1
DBF4	0.736224424687238	2.13177881715928	1.33483517188923	1.03584404477073	1.26237868777962	1.12892572920716	0.660700733259095	1.16548940274484	0.760117559482764	0.810273021384108	1	0.862763530892542	0.899430379899204
ASNS	1.258084924038	1.14880065576809	0.96068225610456	0.956608165726608	1.23988011146767	0.935435743651844	1.39787550731003	1	2.32172626255809	0.583198796232058	0.835818495181809	1.43061907147502	0.858397797480776
MCM7	1.07817550444163	1.0145691733821	0.975018355911162	1.38514718816857	1.3240906532227	1.42839763562397	0.959100078492515	0.940534751759367	0.904874681512113	1	0.790349471892386	1.00086506638903	0.866749340048944
RHEB	1	1.10846281651209	1.10512744937873	0.962882904493654	1.19911697589346	1.12151272810033	1.01402315845146	1.08183345903497	0.924389956051397	0.703217005859019	0.822782441263131	0.857144619578884	0.93725224541103
KIF4A	1.46871471668891	2.41389953302917	2.17358472793193	1.23803012886292	1.69211107065873	1.40281210482738	0.857443113598736	1	0.918179134389472	0.90253662399955	0.744746477908794	0.925081080885451	0.936793606660193
HMGB3	1.48772475926182	1.55888615668393	1.74077333685977	1.03557133301793	0.922438114792516	0.965363016649898	0.923711961986756	0.773975909699711	0.894263045902216	0.944361038238511	1	1.1786125427077	1.17022281224117
REEP4	1.01268404162787	1.30961277117616	1.45125759866024	1.0431696282557	1.05285228888465	0.921559147917656	0.858196527944129	1	1.0369347362086	0.801100504300611	0.964405372521258	0.948988029577156	0.884687940772337
CDCA2	1.08565473821546	5.24683272539235	2.67230885017022	1.45523263248435	2.68408873624466	1.81963202843403	0.780900970631755	1	0.815256311573625	0.905353723312243	0.85664554130549	0.802202698224153	0.828400785341995
ESCO2	1.0066736464262	1.99184324784096	1.62513907020658	1.53546628507641	2.19298337282432	3.08458709469412	0.888542049752252	1	0.855427176985568	0.895017868544608	0.957148282943095	0.869770779254593	0.875942182133148
PBK	2.95931779889706	3.72762540041601	3.83444289786592	1.00470808122496	3.06480115639364	2.10964570946537	1	0.734170191603517	0.472859504423213	0.651357869025153	0.566618353787203	0.488210670143686	0.583289599923655
EIF4EBP1	0.72895142655331	0.666158216171435	0.669688914186348	1.10584400561368	1.1867846751935	1.31178183410933	1	1.47523029667519	1.47411589620816	0.829075990316294	1.02420585263418	0.818538222581892	0.981601009603499
PRKDC	0.864843092640331	0.659600685104349	0.682616404057078	1.04753833991295	0.923890342152007	1.08239109052453	1	1.0848664667744	0.933956638202871	1.00659595924528	1.03248231886374	0.968457325744807	1.02473520615419
GGH	1.10433613510836	0.983149770268029	0.931178219188354	1.21652644007904	1.02842219770448	0.940795078558246	1.18196352153063	0.899120254413882	0.885198175968112	1	0.912831412296068	1.06140418606245	1.15873264624997
RAD21	1.23759887922251	1.39974618568467	1.44345538731512	1	1.26705391957269	1.08268237852933	0.721837186579411	0.956723254144338	0.990530727476696	0.915001920474612	1.00283567242656	0.975311823543369	0.803364944161715
MED30	0.919131793009148	1	1.02434263654011	1.1267156385041	1.22826425015706	1.10938761783792	0.766961905119522	1.09662497537198	1.01580347339376	0.884729701431688	0.860571170567405	0.8330959733492	0.940725064876013
DSCC1	0.937358327291243	1.18285826986953	1.01034172862497	1.57837986938126	1.83657833200954	2.37268981615284	1	1.07717884676536	0.742829822208889	0.879677526436174	0.771098369142792	0.965700725456496	0.731135563312265
ATAD2	0.856560932468919	1.05932255727574	1.09712142480829	1.76954831634163	1.90222866963241	3.45599020740925	0.782773836575148	1.32974464728871	0.868087126662436	0.682532708031634	1	0.769700940364665	0.833196803968223
DNAJA1	0.833433403706756	0.908563137807966	1	1.01675124904537	0.761976424963471	0.821313759364441	1.03908016670285	0.650130975849871	1.20179788150003	0.882959876112674	1.1650776181293	1.51730985386572	1.24621304833579
DCTN3	1.24706404212733	1	0.97031870496722	0.884014882342739	0.892696666451148	0.609237908471985	1.28239203895993	0.95787540151021	0.986840672147205	1.10244878996295	1.08370987916381	1.22071161092718	1.19298150328061
FANCG	0.964541977058296	1.08034612938208	1	1.28685158540254	1.34577987251633	1.62403897350008	0.926359507904513	1.2768194389979	0.842054656440897	1.02742641327571	0.873887649722972	0.729290475870923	0.950571205332494
ARHGEF39	1	2.21742087073819	2.34389675028635	1.02686348741429	1.61060798695398	1.17958246860207	0.80638765739518	0.938716744876926	0.793462921956396	0.719480429650843	1.02573844900042	0.80695023390845	0.734481636158822
HINT2	1	0.860197368689211	0.976771291883324	1.12555374123599	1.13860819208627	1.09105775010449	0.964764590529192	0.981643509576278	1.09751222083882	0.902944800006726	1.22094037230893	0.912769289309715	1.04461308232952
MELK	0.969720669167042	2.16429628812389	1.43979870527358	1.49517494333033	2.16430394353573	2.15006971466776	0.831043863063228	1.34440772957423	0.876786972928856	0.814086381540338	0.99463311878782	0.886388922898291	1
PSAT1	0.915460285127216	1.21652285430567	0.852691819027873	1	1.11461188826147	1.15968164222167	0.872345382104796	1.18811196897931	2.03204831768948	0.490188410066318	0.640746658822932	1.18571063713772	0.708857104017449
CKS2	1	2.01616737562948	2.08381112867803	1.03673841233448	1.28328095731457	0.987695719841783	0.667532208538189	0.934194790648763	0.689626172316646	0.851420920329609	1.17082307512431	0.969374396585347	1.13218661355178
ANP32B	1.07761434068287	0.63782370712368	0.728635087739115	0.878707962974984	0.82964027291627	0.792228040287006	1.14939849294993	1.10105342390614	1	1.08637876125648	0.983576791527774	1.13541961453384	1.00086738947701
SMC2	0.846228602586508	1.27599881364206	1.17750485276087	1.20647977546834	1.18710499645267	1.43994034521124	0.72016139290261	1.12990417393877	0.708997347317683	0.551749378905256	0.690817568467872	1	0.8309594000652
ARPC5L	1	0.635948714507429	0.919535953320487	1.13962270308864	0.930431459766167	1.16105775413872	0.996259351706455	1.02459071412611	1.06746046280959	0.871411498406877	1.29587319650039	0.982419793522664	1.08954081358011
WDR34	0.964562074570503	0.965939204405346	0.91887793299277	1.33479491263736	1.50444873975772	1.51442702675066	1	1.16306115538506	0.859970770043214	0.869149907316799	0.812508905557297	1.05854958936827	1.11605527691253
SAPCD2	0.912514923555485	1.36530057748355	1.30752890358461	1.0391050902042	1.3551851719509	1.15489810777223	0.689248243639871	1.11915249586642	0.817113513840509	1	0.829112576737828	0.736205531796247	0.771179491777122
TUBB4B	1.37348870402402	2.65287140725797	2.22270897739669	1	1.14425588569268	0.878780801889933	0.989805353947025	0.397552899981894	0.82195999680013	1.09246810943566	0.625380691061856	0.854864236873702	1.48840075875575
MCM10	1	1.29586902658967	1.00658007196349	2.7879219480116	1.8618885531354	3.59505510968754	0.997928711210162	1.75625510855538	0.876761914447075	0.905719119432088	0.930083137933907	0.892605240630485	0.977565541907766
KIF5B	0.863063298085922	1.01070137572535	0.912370392019793	0.964830784073369	1.06600005124505	0.782725112983853	0.838881093207923	1	1.03415697881884	0.929125416118021	1.06226273475879	1.08730964856943	1.01946673078351
ZWINT	1.25119087496286	2.14654809177274	2.01389113240724	2.22077773465017	2.26027988330338	3.21417813575751	0.951379253959073	0.966167379478929	0.700554464087525	1	0.751778484480437	0.796658636204095	0.806200277185954
CDK1	0.89750279356423	5.78031552342631	1	1.79743093996872	4.4323632867168	3.7011206617885	0.863925457782803	1.04449492743197	0.970209033749317	0.977491577338109	0.852076470154017	1.08089327925321	0.819468943198578
RTKN2	1.0790192299706	1.38909494112777	1.42197702939277	1	1.68185623818247	1.56236428276961	0.930009316219149	1.14968145805476	0.792261190529641	0.938187530019693	0.873782225996057	0.931042626393432	0.693141208231796
HNRNPH3	1.13061122714484	0.827688395741897	0.878369495535026	0.747318888143347	0.805059289186111	0.701538330369882	1.21572338005025	0.883968073047666	1	1.12857693065726	1.06088811663491	1.2656478953622	1.13149819144929
DNAJC9	0.832911753531951	1.08893751490964	0.882111441402301	1.6289316024731	1.62229525058057	2.03688234441264	0.804364444703551	1.14398416580394	0.956842001384596	1	1.08084084961323	0.903372625241836	0.797037350652767
KIF20B	0.661642326737071	2.2919950022903	1.65716544681057	1.56246959863891	1.91954267011526	1.41215434434079	0.514529071707689	1.15405719296698	0.768425618094124	0.62370530008144	1	0.6705367942974	0.843722258465269
KIF11	1.09670838046717	2.09167336525214	1.54012579545362	1	1.64384917573192	1.5394841700675	0.855467636835049	1.02982853466367	0.9143593421658	0.881830937100249	0.891172441177983	0.966081746621307	0.991190118308507
CEP55	1.16646412813628	3.49899932667008	3.87729517045223	1.35736903556978	2.28924735440119	1.95267384966722	0.625140666723161	1	0.667304456463804	0.723501127180443	0.75783692973562	0.695613520996906	0.795147055562624
HELLS	0.96064149402644	1.13525404766159	0.936611053773941	2.33365349233332	2.20296983642424	3.63771711619146	0.916797004140254	1.68288976448203	0.869273600717229	0.824625778193159	1.24159946898128	0.70707101564361	1
ARHGAP19	1.06666228207804	1.27013087299148	1.53122162116451	1.0025538951498	1.14713528867333	1.01360202960584	0.806487157536523	0.859053959152539	0.871927462771688	0.840449797186058	1	0.769728782279268	0.879867277355419
GOT1	1.23831876698682	1.53710991284018	1.32194628156099	0.957781659123721	1	0.867156488044634	0.856172937322324	0.557504957469903	1.5834863607277	0.834602032605755	0.758795735336939	1.51939349666305	1.44267709881256
NSMCE4A	0.933034703974942	0.842279641591256	0.966149162607015	1.30370287657669	1.06296892075419	1.19814702258873	0.943229521815914	0.958368924273522	1.15703121655332	0.950084713473532	1.16162856284602	1	1.03733293950576
BUB3	0.836896361000733	1.43332114582693	1.03488123138773	0.951894909204052	1	0.878401028224053	0.793900644632048	0.734164772453489	1.02379849420857	0.965584178583369	1.11437218009539	1.14216035146577	1.08089328935287
METTL10	1.00784183007211	1	1.03479380882988	1.00559995817139	0.85945792091533	0.762157985342874	1.08327688537406	0.898497258027917	0.905162058166688	1.02683956459303	0.823024092228409	0.974691784612793	1.05934025228654
MKI67	2.18190080867366	5.30834389118454	3.96587477858692	1	4.13426778610931	2.67856216616186	1.07195388546101	0.661830677623909	0.447555911117688	0.673612924492107	0.648467747822396	0.622800325942454	0.542641720258824
PHLDA2	1.08322833464665	0.642409280205308	1.13389947810123	1.02267765863695	0.870962108939755	0.901977243877126	1	1.43041097340971	1.52696267021153	0.410147947723232	0.846116208023382	0.396560479580633	1.3548176540331
CARS	1.01597184195056	0.936312358909257	0.817839489668845	1.02263411844424	1.09602157835849	1.0815016173533	0.898681628868046	0.938197830954346	2.05227853145314	0.982709711088853	1	1.31169550397312	0.867049971626587
RRM1	1	1.0229419751508	1.03668672808169	1.3133887243534	1.4381553471879	1.69570331716109	0.897913103306897	1.00224880256421	0.729222265451798	0.857469752337691	0.799643805604632	0.743344087096079	0.896627340624375
CCDC34	1.18329014325856	0.985595288911964	1	1.25939917419617	1.29752177639356	1.3746968216614	1.03058329585872	1.20718711607658	0.894344155832061	0.878913306521036	0.905945051859638	0.963743970678276	0.913779538787177
KIF18A	0.705036788407156	1.33889159153451	0.932140329525076	1.23621015691894	0.981816251769399	0.87526522079851	0.760059997164325	1.02290558107618	0.879689714617667	1.00099937312364	1.06677724023373	1.09058004750749	1
CKAP5	1.03542045274311	1.42623904171034	1.43423451876521	0.963545336246122	1.15121189469666	0.939236467403471	0.99645614033347	0.983516432038566	0.974427742821922	1	1.2118926547088	0.943351824576537	1.17516609210249
SSRP1	1.0245414364111	0.641675074508804	0.670881682353933	0.976336057395934	0.941222286877046	0.919241941536115	1.14970853431659	1.02427140389565	0.967112318109827	1.04916273806053	1	1.01861605738182	1.05078737766967
FEN1	0.998517552574661	1.3117961815795	1	2.25729740308078	1.93959260889545	3.48879568883219	0.720966951912098	1.18046196590229	0.874084565042594	0.800026254960737	1.1277589726492	0.804637342015966	0.848411664461736
INCENP	1.02087045545842	2.00254404664514	1.44004773946972	1.0344151242752	1.55957802191668	1.15665087311138	0.86023080099222	0.921604071092331	0.907676792927785	0.776936497504646	0.862794408118312	1	0.87670304178718
SLC3A2	1	1.11695690945845	0.848784807349894	1.1131598096042	1.08613297004007	0.971698703299673	1.17139525837712	0.804900656767115	2.2901351085441	0.681724244702103	0.611985963230409	1.56782705529924	0.843439496730755
COX8A	0.818088327672396	0.562449252227646	0.608139064957491	0.84599982619106	0.732548793779531	0.725235788381408	1.11251375130446	1.07500324625943	1	1.05423090734462	1.0757937995867	1.0136832494497	1.10109065298905
STIP1	1	0.813010749017658	0.99652631552342	0.889949374021608	0.769463240569044	0.848232280463747	1.02173915206582	0.843709532575872	1.18186057273779	1.0328004803257	1.01098247641941	1.12644263656932	1.09084842413326
CDCA5	1	2.06518451672096	1.50568890860482	1.46325778470189	2.80792829394751	3.07069955543643	0.670084677806664	1.18771679319203	0.668896281241682	0.709691210350557	0.814179865835367	0.687858950886848	0.714609608573064
H2AFX	1.06616562897788	1.34981566395493	1.13091185245066	1	1.75699297703086	1.47331616373364	0.804532340735549	0.788959285419326	1.06789907077245	0.908451205078438	0.734481188403076	0.846850744463183	0.994078400167797
RNF26	0.925072095827414	1.56863225278433	1.49808534199071	1	1.31588339564224	1.07501372283459	0.90109864192444	0.945495317974602	0.928349947301475	0.932006193856946	1.03449220300758	1.11702325342267	0.84432629602451
HSPA8	0.955627239055238	0.904349307274667	1.07820835048677	1	0.701568462440744	0.819260708690335	0.956716241823734	1.11522178553846	1.0683160283081	1.20972830745856	0.476221606985012	1.17503743995438	1.18797192102779
HYLS1	0.873880048091443	1.74906984005843	0.999220341203224	1	1.18743799383203	0.994728426569613	0.905281111975586	0.83795138440192	1.00058844715052	1.3506041362755	0.999935083888868	1.2615788378573	1.05451741042439
NCAPD3	1	1.17235238599197	1.10403092896192	1.53152371830788	1.52369257034931	1.64591483616715	0.826084361786354	1.21691984191908	0.984140799176889	0.803600698957553	0.849717008776183	0.841461366492035	0.881481420606846
FOXM1	1.42500747045221	2.05560813000573	1.73826436842693	1.1065385345983	2.21552359024779	1.59228183798756	1	0.852373151681905	0.789851047173756	0.868232941057737	0.79368112821023	0.798328826017204	0.846074453210099
RHNO1	0.977216911306987	1.30104830465359	1.38180270879156	1	1.29394439819929	1.34189896308788	0.922188597657206	0.972499716696818	0.928757297182154	1.02863856962124	0.963535865662794	1.09579419057138	0.875402504891852
RAD51AP1	1.12324158550113	2.12986132741627	1.62985276377206	1.5875556414791	3.22303157990303	2.77244491410738	0.726799305765142	0.887229990864123	0.696355714143293	0.554516732859859	0.622360792971857	0.696090982404058	1
MRPL51	0.950791820094913	0.768139773933283	0.860583096798642	1	0.793573849562892	0.829583007785017	1.02145736600949	1.03887303145863	1.10483197098415	0.992382662993148	1.05444891560898	1.0973023574699	1.12592354428884
NCAPD2	1.45459058836521	1.40438781862786	1.46528552009206	0.836550653175456	1.40486479297756	1	1.21697297252333	0.904660289550312	0.779442085372511	1.16386447894747	0.886323487842313	0.880247813283535	0.723469563619509
CDCA3	1.62847436707907	5.42054441602937	3.42898676844764	0.945191383780163	3.04252339247779	2.01814075794008	1.01562212267431	0.996334213223212	0.871799259847032	0.919175863747966	0.950223003864071	1	0.945787506972025
TMEM106C	0.820583785955149	0.807942791144188	0.763379275829747	1.03195552443867	1.17692319202257	1.2934101580036	0.925716294120055	1.13916928984562	0.933107831727893	1.14602148638222	1.10393591214031	1	0.771589737599574
TUBA1B	1.22142032878353	1.21019326537527	1.18476707185607	0.77471043529039	1.13390354362115	0.946295667298898	1.11944371991084	0.725217063695526	0.746629516544268	0.90709885829516	0.59746542394302	1.05064231928359	1
TUBA1C	0.880367037619283	1.30276159551207	0.843728493265644	1	0.919726661599129	0.816416963695594	0.689768924317795	1.03674030116177	1.14170486572969	1.15182445353689	0.600429058825844	1.39993324282774	1.53802305937462
TROAP	2.05873569281794	2.54525171785988	2.35345571163962	0.999915676608431	1.63190106153897	1.14690786573659	1.26170212849285	1	0.784056265276081	0.936754848827546	0.82234274919322	0.757034987931115	0.737664756596037
RACGAP1	1.23891975371244	2.38288936749717	2.15819729195785	1.1601564744289	1.82083128017146	1.26132348414007	1	0.837045327842326	0.780131525139877	0.788213300694981	0.798371081687163	0.739146895582113	0.79486961304021
ESPL1	1.07523656514511	1.63737627205524	1.51282371162753	1.40414475328694	1.67782091676547	1.24542725635132	0.951840482001113	1	0.978698109653001	0.827682830621894	0.94318732599687	0.92886621383217	0.862985245922618
GTSF1	0.857840954452573	0.649448595485181	0.734089216635269	0.944553114938786	0.82619310810398	0.769859139688635	1	1.03618543355868	1.17434688437455	1.04771710870569	1.07119512151553	1.02030571717465	1.07730140030034
PTGES3	0.941181760315771	0.731755049338191	0.973352480700008	0.872375479884265	0.749466741311858	0.817109458263138	1.07453874686241	1	1.09182657026592	1.0596496597903	1.07272349214643	1.08873015440745	1.16117186226911
RP11-620J15.3	0.792613054011992	1.31035882141716	1.14464297214213	0.751663268417606	1.12789283820512	0.795163163908146	0.817941188804224	1.07861316147981	1.00357702595259	1	1.01072617459944	0.93449174925632	0.775430465316329
TMPO	1.0645195554158	1.44170231287279	1.33178033874483	0.96738321655788	1.59109493185436	1.52461229235088	0.89246438426745	1.05737651352467	0.81388699757872	0.895329423835826	0.945196598756728	1	0.959438569259168
GAS2L3	1.04095718337604	2.03715839191554	1.79137166274978	1.00773035551326	1.47568103234662	1	0.777435243169759	0.884390868383137	0.862103782093752	0.810862972438272	1.02342105748441	0.820320313197902	0.896629382946629
RFC5	0.776998568126074	1.15716922452584	1.11446741947979	1.30407126258566	1.49179852010988	1.76150647824658	0.787570948927057	1	0.870949072773987	0.807019443666383	0.742942713773543	0.807369998401706	1.05021877645517
CIT	1.42797622093827	1.77841299929221	1.60780665962632	1.07343888743106	1.73151584755891	1.31077436431696	1	0.706838403004634	0.758369238026684	0.782167814542349	0.756834128860946	0.674815520740654	0.778436755771369
DYNLL1	1.0013118627305	0.772504224110553	0.997413639222542	1.00608073297713	0.752638868910356	0.767950113239239	1	0.958475763255295	0.970023869336918	1.00997368646347	1.02907561398278	1.08712406613551	1.082190066825
SETD8	0.878600480786741	1.49395304018865	1.25584213076163	0.911542765412048	1.09586711414237	1.04775676951917	0.750863139772159	1.0286681586811	0.961941185068276	1	1.10443166006695	0.940234077326378	0.841719589916788
RAN	0.96532576186676	0.720660270285468	0.852918827397038	1	0.707504918078363	0.772449067193508	1.024509123416	0.92587489728921	1.0082945798232	1.13046165242038	1.10536720801154	1.1438490081803	1.16557317880995
HMGB1	1.16579466429157	0.938119272554663	0.960163541165742	1.05254631340113	0.937477781291262	0.892252085914266	1.26472295690946	0.917292998584286	0.820925207532477	1.15530495943717	1	1.06282431292541	1.0716536865786
BRCA2	0.892667598473847	1.2612468325611	1.08841390677396	2.09331921174095	1.59074465595556	2.06014522002748	0.814805945570256	1.38998017216954	0.871849284576297	0.782778030558354	0.963679949570114	0.928538746398415	1
CKAP2	0.689964639653276	1.78876484913148	1.26910436996021	1.02547320666433	1.29935600122411	1	0.806357161769122	0.755172913897853	0.750286229779472	0.921403322871349	1.03457758478609	0.82329937445109	1.13016080087895
DIAPH3	1.13990287088741	1.52919648234126	1.29874930480029	1.25661355332226	1.46636599996727	1.61243450654719	0.941220755029926	1	0.891650811462072	0.969224211770874	0.799775099232589	0.808537172675488	0.811593806169612
MZT1	1.25508383455234	1.10991279648733	1.3823944003742	0.850797407617881	1	0.877391984464279	1.17637233421186	1.21727792602956	0.747897639688281	0.87978791141795	0.936646253608969	1.08185532641241	0.542841283537914
BORA	0.878491392907095	2.09962946365362	1.47802455344814	0.924097385018361	1.32044697054859	0.972191161993251	0.856747323098411	1.03593829199567	1.03518341378921	0.928722655593815	0.882470792144036	1.06060556703526	1
LMO7	1.07702186465509	1.30402915842684	1.41517925278576	1	1.02991835820262	0.977898582396442	0.98740522425926	0.904537929120081	0.936375960915879	1.24725977900536	0.955712271863668	0.908665115487305	1.27396740992514
TEX30	0.724763792483725	0.897862473882466	0.818009210069448	1.12580278982861	1.10750480545088	1.34884535114717	0.795937931670306	1.09408747447122	1.08089147296747	0.967336224984877	1.17180901703942	1	0.975602557840317
EMC9	1.02293525556165	1.1249331259648	1.0895626452331	1	0.996108119297403	0.860246535657342	0.894725492469996	1.00081990832906	0.919348171582097	1.11130687462774	1.04109726014789	0.893790796577705	0.977769620078271
G2E3	0.92791591220368	1.85661419099703	1.70462661807421	1.07031002866421	1.2816677623126	1	0.887941106920918	1.0389095063747	0.994275161624653	1.2499592801085	0.812564198222491	0.990158280561464	0.883536301625842
MIS18BP1	0.646395114769011	1.46417080642713	1.07228272937526	1.35708684172942	1.7416224846587	1.40493774395824	0.652408349526645	1.21280930381165	0.717174298142483	0.763208739385337	1	0.90388472138028	0.828232047716894
CDKN3	2.82111419098629	6.3569268652471	5.67369671877907	1.36169509972939	3.22598439891205	1.56587905700224	0.855992554657469	1	0.853518610384274	0.907308058777656	0.682345604141184	0.758588227204798	0.815568539160839
DLGAP5	1.65452262639018	3.62179937259651	3.40321643168831	1.08891852305659	2.2150313859284	1.37872035221447	0.966049851408244	0.921481400110669	0.937176722703452	1	0.858058482527283	0.933155077858616	0.870738474376926
SNAPC1	0.948600089137486	1.07146210519164	1.18535130000736	1	0.883811708379863	0.740919163816906	0.766228045064544	0.879361243238184	1.17177800390857	1.02359763583846	1.08146353076395	1.12464927739272	0.932412431896977
ERH	0.913005494484596	0.707776026048133	0.760904861047388	1.07277488042253	0.813481528217448	0.84658526613998	1	0.958347556228615	1.00946984745074	1.06056037161263	1.0793563064679	1.19738406864396	1.14730849427946
ACYP1	0.873828763227757	1.13479042438533	1.09929507487696	1.16212153685608	1.45308343916993	1.46032340521688	0.898934438515234	0.883280708578803	0.976860501025439	0.783493942135211	1.03401262730197	0.959430878869385	1
PAPOLA	0.942297537323341	0.654668552173433	0.766493071582012	0.964088280749325	0.952828309358221	1	1.23548004060948	1.20973046526956	1.10606370098387	1.05047258069155	1.26615946110225	1.06520563620076	0.955553537411244
VRK1	1.17856226947378	1.76108808030034	1.38975966823329	1.85519231530413	1.37999355490192	1.56328942291972	0.811617257718646	1	0.920844975067425	0.789452330866672	0.845687844049768	0.8886683815633	0.952645772910329
SIVA1	1	0.722324587412192	0.849260654374112	1.29255665707017	1.23264409023353	1.39824179911246	1.0002757997643	1.19874276951677	0.942721160194996	0.913372998794723	1.27562886670109	0.981345086555279	0.988586800463717
CDCA4	0.660475701694405	1.49524570756979	1	1.36001851186926	1.9211582347451	2.05089983808036	0.705539376156852	1.08261963911681	0.891391797858152	0.856303602264407	1.03570414969839	0.886416186177798	0.994681806574722
ARHGAP11B	0.820571998971147	1.68145458335586	1	1.07630212028057	1.63097225491829	1.35430526696807	0.900837758624467	1.01113910410107	0.770009967728297	0.853197331881044	1.04109507912946	0.854537930709175	0.971778992372552
ARHGAP11A	1.22637159194822	2.39224722425624	1.79666714020684	1.36237914673492	2.1251584801677	1.60792185299958	0.839526255262119	1	0.778228026668476	0.746946544707439	0.863636487940128	0.826993365860219	0.990762268398792
BUB1B	1.37300115868504	2.69689826795117	2.47548709295265	1.17739094000937	1.88364846088118	1.83507703670262	0.743902409410951	1	0.871497752623334	0.756278513278345	0.736568282371953	0.886311503499257	0.913998162918699
KNSTRN	1.09826631553516	3.4477866446506	3.1955362371374	1.1250985976044	1.98237524599649	1.40022317258342	0.770504990588144	1	0.799131295351688	0.707772225630744	0.87765065838652	0.699486415649222	0.889034912966945
CASC5	1.16116959874618	2.68363786126963	2.0260017146411	1.23622127418187	2.12437573016413	1.70323165045957	0.711716457589871	1	0.80435481853015	0.7753166094234	0.810617122715107	0.722743768971264	0.629467553899685
OIP5	1.22491771903976	1.79452357268347	2.16804954483924	1.2527917272544	1.47556218675439	1.37596097397584	0.540502302788228	1	0.65370386538437	0.520529967980489	0.785510926447926	0.660081694631652	0.695945240722674
NUSAP1	1.40468149797737	6.39177846197362	3.27828622924165	1.91948905012271	3.67915224882997	2.56658489242088	0.700007873127928	0.902189530528929	0.962375937639914	0.812755558608506	1	0.999654024005497	0.855308940206179
CCNB2	1.58624987119292	2.73721856453879	2.54697440230236	1.01744023944281	1.36132564728789	0.980477283077941	0.807759390561332	0.856541286408248	0.739656087844817	1	0.731494273571383	0.726364243732663	1.19182413759862
KIAA0101	1.01233597544623	0.798348733886907	0.842117065182248	0.867381035889086	1.31274170076803	1.40812993226045	1.06427838979143	1	0.553942579785451	1.35803109398996	0.520997979104571	1.01374245502559	0.578767388459999
KIF23	1.16415872628247	4.59683186400964	2.95948787651511	1.2843854662624	2.87031374624148	1.89965647700831	0.931107122508535	0.796092753601138	0.860981245407337	1	0.946862969164995	0.870059273084693	0.844504354032468
FANCI	1.33648459415162	1.28340582171702	1.5460821409302	1.06642265685638	1.44813071454603	1.66435932043142	1	0.977198227993582	0.654115760306573	0.733012842410563	0.658216617681823	0.684710455885505	0.756391825295866
TICRR	0.95866885303078	1.52849419697201	1.16816871383505	1.30672027582916	1.53306199646922	1.49289897052987	0.853593960050781	1.06347931315877	0.93540547471658	0.89548435923262	0.913045536047742	0.853593960050781	1
RCCD1	0.941716548407961	1.29212164882389	1.03717690124232	1.25589259703668	1.56113320631465	1.51080356714117	0.852857841790177	0.995919619448421	0.922175971284483	1.03853822967308	0.996436158540743	1	0.914952612498129
PRC1	1.42613961568043	4.06778495927794	2.96237648541434	1.94826046892712	2.92686712727101	2.22991050212466	0.654110257326728	1	0.688232458952305	0.670216695929275	0.682645146826648	0.777948670296292	0.752927700719273
CCNF	0.910554069281414	2.21245271742803	1.43285465557539	0.868461659397843	1.80190194875646	1.1426996898574	0.809992393700937	1	0.84096043220178	0.877011212286082	1.02432560889592	1.02391589670724	0.830128514416371
PKMYT1	1	1.32284540261715	1.18481038879646	1.30012642786804	1.83368843999991	1.93791452967002	0.876441879598168	0.968749238435487	1.06334306966826	0.93128784778824	0.846710139335401	0.920813536704455	0.859222430612053
TNFRSF12A	1.10729956576416	0.875047887030985	1.39968256234624	0.821360136047856	1.25050097833897	1.03851434879801	1.04758979873278	1	1.55850056963309	0.317659032291298	0.749192412363635	0.307599346558153	0.756733068716955
ARL6IP1	1.03857316145048	3.04137876222081	1.52554580111024	0.854521935020839	1.2212756609573	0.759073852443178	0.672677313800775	0.863958012554627	0.780775329467087	0.98996125133395	1	1.25129515158191	1.22444247690764
PLK1	2.13770973996061	6.78802683931853	5.86512123482081	1.26622333659151	2.58326930230422	1.51067387159747	0.848259352589648	0.959762574470869	0.768104442980365	1	0.921195285058953	0.860476853828922	0.8181362519316
KIF22	1.84254682951367	2.55957215058131	2.57800613877526	1.45154634407046	1.97176440132161	1.66041667306126	0.787692867215205	0.999989699701827	1	0.848380766562313	0.811175766882726	0.875998777446289	0.912766621443654
SHCBP1	1.2084886641035	2.13447623900001	1.78743132470374	1.27359077471018	1.622567351235	1.60990676551901	1	0.962916470943771	0.841700805522197	0.902459718408186	0.838625096240406	0.779891178854188	0.919248611953692
ORC6	0.81383354393343	1.81300574780492	1.39154900563002	2.83491018620428	1.98808815815231	2.78508272481818	0.699201702174659	1.26621252327897	0.75588572691104	0.858821420618282	0.985885527904404	0.882368277168801	1
MT2A	1.17041662493254	0.698159962435857	0.806073267989824	1.03160496066248	0.909444139998521	0.897518667209185	1.47974400023289	1.380408062338	0.968923260057218	1.08925277632626	1.12522537477935	1	0.981035706339615
CKLF	0.891133504897942	0.73495689837684	0.741695148728278	1.24998658642857	1.1902635942503	1.4418519883222	0.811981816395993	1.24414043084331	1	0.88027070068455	1.00936151272198	0.902364359004354	1.00167012054326
CMC2	0.747701553638294	1.00876366404848	1.01344432702756	1.04629387477009	1.2805307628934	1.19303454853061	0.807444780976851	1.01117403477142	0.943392916780323	0.684275238851208	1	0.806742847699158	0.856365320744144
CENPN	1.36173811301169	1.83115397918783	1.69910267584296	1.32220339127109	2.08693594305616	1.74667982373508	0.974745519920571	1	0.776824093399333	0.937280040717086	0.837736533317192	0.844205219022702	0.826827298883781
GINS2	0.926744308450232	0.997110005220784	1.07521649092502	2.73426804057606	2.2531783285922	4.79065763610693	0.78803239671303	1.3015359675086	1	0.822066339996576	0.734599896943032	0.830241998637266	1.0507184213177
SLC7A5	1.02456228163981	0.881094131087241	0.876896696256886	1	1.38502611316177	1.30237266711105	1.20223590924463	1.71079511162809	1.53957636355486	0.499930419937205	0.640754922467773	0.713074680101847	0.534601316161823
RPA1	0.891485726489814	0.824973827562072	0.793216079931635	1.21399967878124	1.05019956255451	1.28202207531489	0.911980876508464	0.958871842412284	1.00940104251148	0.93941325038707	1.13406431515102	1	1.03885107487834
ITGAE	0.924481062387008	0.864405422268857	0.94036756659958	1.10550111329504	1	1.23818660023892	0.952076119851445	1.18373132292839	1.17138383885009	0.932413783126772	1.26726341507383	1.0578690662369	0.985069544134449
FAM64A	2.57525563372214	6.05266046010012	5.26423259339065	1.41836890588348	3.01316131576019	2.26135937111153	0.986772662681185	1	0.914084530825383	0.834175954541664	0.951051905854618	0.879535612571411	0.888277758937072
EIF5A	0.900886993157365	0.586200418100721	0.790227988549374	0.850612036820502	0.683085778824135	0.724639293910807	1.16676307597646	1	1.11038470761713	1.00219759278635	1.06076775384074	1.04796025477626	1.04170448361819
AURKB	1.41496144304456	3.84464947195917	2.68345987081017	1	3.09937946630257	2.18030288780651	1.0083265060025	0.848757940709372	0.806870307046208	0.96960751486865	0.863208892063893	0.731263589316062	0.816913161123237
SPAG5	1.46258755138957	1.94384309850284	2.0862244448647	1.11646443737938	1.77461481485198	1.22532774134449	0.92203976190529	0.931281388519849	1	0.815960976764479	0.872603414196268	0.849131614278064	0.79857024495478
TP53I13	0.724926023019698	0.784587613194588	0.656131850049981	1.02289722945155	1	1.13979226861885	0.778963364305568	1.20504756244508	0.981065820473513	0.873623737471149	1.11587664788014	1.03941749352867	1.07753356022702
RDM1	1.27423577845271	1.27754629071965	1.22820095851555	1.11271633660949	1	0.983359298866304	1.03478370028442	0.820112558200926	0.865162600714068	0.884600223572287	0.683105715591046	1.08038015241024	0.748343834695917
CDC6	0.960818164551289	1.12760339968474	0.821318903779079	2.40123256019345	1.75582188410599	4.26675253748126	0.787547037895647	1.43383458193216	0.904506817648755	1.02130090977217	1	0.799544984152551	0.88476468280334
TOP2A	1.18270906668311	5.77638047896915	1.83042402402146	1.44537397753422	4.32376220523708	3.11210402628458	0.817530544404551	0.803038935431064	0.824711631732704	1	0.864245945268916	0.848966188650047	0.721584426445162
EIF1	0.836024480895169	0.630918765949853	0.689936014200162	0.94761496615561	0.851350051666158	0.769560803281882	1	1.13790961884028	1.37641550164054	1.24364693107117	1.22181627839142	1.24493345576143	1.10604355873146
PSMC3IP	0.912863934901605	1.18752620769506	1	1.37933643338522	1.511113016185	2.22875780564057	0.889431234075465	1.02785247729357	0.888248837777953	0.856649315946844	1.11953352367766	0.879201160446107	0.981239797590344
TUBG1	0.972850046627916	0.972233634079614	1.05058724779998	1.06893717275506	1.28784873143577	1.28838724306209	0.978177647857976	1	0.927542099891643	0.885007117560388	0.847384820100072	1.07722776490604	1.11584034769763
BRCA1	0.931099636400747	1.10467379802148	1.00492751432136	1.66809876680036	1.81189983490113	2.7567632356241	0.789757092792301	1.16932153650187	0.899458012895506	0.869967060018729	0.77026013986049	0.925647536115707	1
KIF18B	1.03677730071602	2.07084154021738	1.75930571436726	1.12818758281384	1.86617315516181	1.59911206939427	0.871391441039804	0.903624492476851	0.967183496294899	1	0.871391441039804	0.942294176495664	0.871391441039804
CDC27	0.737942875714794	1.09810989842622	1.08403023709728	0.902349412895982	1.01669879747831	0.911358074196653	0.859500777231058	0.99296948879971	1.11477674223727	0.984378596891758	1.05557065997779	1.09254236066142	1
CBX1	0.999438963150121	0.866512136252945	0.93737087177904	1.11395433469364	0.912681126619568	0.945415112905783	0.999829055515077	1.12051561255283	1	1.26287045180612	1.32753799260675	1.25267380667348	1.1479463211572
EME1	1	1.48347577240569	1.51626562176722	1.29180785919704	1.51749498896375	1.59709143357987	0.903091134444851	1.00984937078708	0.847879568715467	0.851081336571541	0.910161761651761	0.827073629851196	0.850920817108467
RAD51C	0.830785630579652	1.06117455453021	0.952473372568772	1.70966191753316	1.45401968019887	1.52584910750744	0.781892813157369	1.26404018905794	0.96380764859842	0.558313374945708	0.966338579309946	1.27356619648757	1
SKA2	1.27392484484759	1.47979743757589	1.37185009887252	0.989697236147127	1.34231829771532	1.160497956059	1	0.94166892373375	0.873680911132268	0.903744284024489	1.03366789636726	0.929657645542846	0.852958681965249
PRR11	1.54428540513892	2.24521951860558	1.51999373828141	0.652359060723613	1.46202184793563	0.809348428908148	1.09375065310111	0.929788263544866	0.775187892715947	1.02751580045871	0.976336989916653	0.95988553950708	1
KPNA2	1.09017049939345	4.0272468549412	1.36933693913257	1.00978908663972	1.51795061910125	0.993576185266898	0.58747047809713	0.573154654876637	0.953877251717431	0.732213277959771	1	1.10227514779809	0.986587435711071
HN1	1	1.22282158161112	0.964165043937333	0.83625899448123	0.84388385095685	0.739151047108923	0.934764228823073	0.929561001712383	1.01803953556904	1.12494830151866	1.13578358334555	1.02866857391965	1.14503234238135
H3F3B	0.965892697982486	0.68197452216154	0.785344852139192	0.84067702648269	0.782776668184468	0.778356778526762	1.07749216885603	1.06229392535649	1	1.36310543926585	1.40268720527604	1.23474648472594	1.26904938891302
UBALD2	1.22515763691761	2.97862974064927	2.07292296542226	0.990421825728989	1.69989240341439	1.18028245143404	0.893014870018444	1.13193037705845	1	0.799494939868886	0.995426424549779	0.88709589457115	0.963305272537335
SRSF2	1.3455082345085	0.674951518946458	0.987680689244685	0.976326122473532	0.833249685870014	1	1.30040063313664	1.03761371697719	0.940097227827407	1.03281878843158	0.955189864069486	1.08647186575691	1.01926615717026
TK1	1	1.22136465359145	1.20591341133281	1.12232044401426	1.7365632937607	2.16426155655917	1.15084280125958	0.593093462247489	0.388406054084986	0.677656377979933	0.4554185854658	0.419887290501036	0.410100353257901
BIRC5	3.4832265509927	4.87936804272502	5.00542453954835	1	3.91718980808062	2.66999712962217	2.06360254459908	0.529194153014201	0.484679540490989	0.85221222467214	0.35711564102574	0.707295376296368	0.716788449773572
ACTG1	0.852320755236971	0.510102876075433	0.705631691308439	0.802926790079791	0.617898634665312	0.655957811103398	1.03042714375071	1.02377685422058	1	1.18132341101903	1.04232564156226	1.07189182821027	1.01911182085138
STRA13	0.772376924013301	0.524487105211047	0.661616911719401	1.1902931126953	0.850346563146888	1.34472107025437	1.02229038574094	1.36049636643602	0.936075957711217	0.762052794946611	1.06735578837743	1	1.05106468573306
TYMS	1.19784629645425	1.17230241837091	1.29045229742724	1.03991420097253	1.78486575755582	1.50588065836118	1	0.721108714508069	0.523825894129226	0.685679170318022	0.608984358572463	0.623312160444248	0.63745022645761
NDC80	1.00981606710053	3.78409275853961	3.09655070272229	1.35846361730507	2.30107588907986	2.27358053476596	0.823887799958305	0.94748822011876	0.957819474043866	1	0.963620153054167	0.888838329668531	0.959122120301219
SNRPD1	0.916126001413458	0.725643069447341	0.833127731115781	1	0.9624173315912	1.03513049149529	0.958715158843502	1.03139490406599	1.01001896728589	1.02624915778829	1.09729677551819	0.991534361184109	1.06793473790266
SKA1	1.09271998714855	1.92247537415452	1.66339876879146	1.2241909466611	2.05406366013544	1.91181680567747	0.839644624464637	0.850394655909984	0.775702722928833	0.813054365409366	1	0.740303382433696	0.803566241506797
PMAIP1	0.759879552316536	0.770703648675825	0.955077432756399	1	1.11819781152087	1.28808937162285	0.990908156382519	1.2865865630791	1.80050611640765	1.02201203793753	1.02134973411713	0.854190375833247	0.539419293723674
TRIB3	0.970538421282107	1.16604672439653	0.907922320319126	1.07433270927188	2.25771218883297	1.94558222484126	1	1.42319656538675	2.86025591051817	0.86830447093334	0.954887286662361	0.977214738869263	0.881377946020708
SNRPB	1.07902611903464	0.770976266421662	0.974098979388121	1.01729231669046	0.923241032496796	1.0051217888294	1.09915471974682	0.937695502023217	0.992636672461939	1.00509494313729	0.946446149122702	1	1.02560025740408
CDC25B	1.15217951001728	1.80378665626434	1.7396439006347	1.04298934976428	1.34141891867313	1	0.821726823139222	1.04739444867548	0.726094598973521	0.793279713936709	0.833911892260612	0.77025932916257	0.811609505646664
MGME1	0.820533791254129	1.1339071477044	1	1.07625619235715	1.22191496458006	1.2162937944017	0.715392914106897	1.08223982120821	0.823003093238885	1.07563201001199	0.892959284849215	0.902925879602928	0.992886027396037
TPX2	1.83237049705952	4.33229188123389	3.50318333427127	1.60210598685445	3.59609703079522	2.62325329254592	0.817345233314617	1	0.816146480468879	0.823986812673372	0.996499685113947	0.784272470077235	0.763228072595184
DSN1	0.87546556970286	1.14851452973194	0.975223391378124	1.50800724270479	1.32180556084845	1.88782440787337	0.86188157109539	1.1509148188026	1	0.914737524644836	1.19093053405522	0.865146824217172	0.961980645174826
FAM83D	0.884400603269182	4.91135994829004	1.69460368789981	1.21073531271243	2.05065171666687	1.37423372866321	0.836732284289614	1	0.781551155677429	0.987143708089586	0.980289242223511	0.850388729106256	1.06201701267753
MYBL2	1.11334352460189	1.12157874351185	1.26919271350987	1.20739775421014	1.84957007596285	2.43265879746231	1	0.924947936126647	0.708647485184062	0.648100260504433	0.675359451487062	0.602170307288161	0.620040532366689
UBE2C	1.60012707208295	13.2752605497132	2.6178918280573	2.52218481997699	8.75163712526382	4.91863900984657	0.888759237905692	0.975992335716045	1	0.814758338759678	0.744598633745971	0.803560282239058	0.889407559183637
AURKA	1.35143464694934	5.7133603162674	4.06278159696275	1.06925445086684	2.52057266883924	1.40136429956089	0.780197478277025	1	0.824269749298892	0.666318753609298	0.955948330245132	0.86038910734278	0.97021452587022
OAZ1	0.888990292450663	0.455317555105624	0.5735705596613	0.815719771747286	0.64224557639032	0.684480633143205	1.17873018797341	1.05670922800806	1.00525573803401	1.0086791011822	1.11637584488912	1.03669397354077	1
LMNB2	1.22249725381127	0.952607049192741	1.06788331296156	1.09015400246232	1.30162849158015	1.42069703324541	1	1.23717854856206	0.899406541097437	0.801988042068458	0.977699184493777	0.835887022880875	0.790139994074844
HMG20B	0.982956989206493	0.958376394413391	1.10867003107463	0.971934391499864	0.815358211929007	0.769747821155767	0.91044132943868	1.11228219448752	1	1.32499488852021	1.22629616102684	1.24494198545616	1.10773011087212
DNMT1	1.17700650416492	1.07475452631037	1.20176016333057	1.14564358444022	1.56020848266285	1.64611523360986	0.862070286768364	1	0.866575157227958	0.755339573589011	0.829479764974205	0.870854062876746	0.964549547525293
SPC24	1	1.33621300875761	1.38323899577315	1.14027464880126	1.40229095508136	1.29347704026727	0.977543134997046	0.734099802641408	0.724581244869331	0.817882489776528	1.01964644012732	0.858030279749767	0.738100656516688
RNASEH2A	1.05513158122364	1.02360078116402	1.02794898273128	1.21047443344039	1.14411262748087	1.26947475499731	0.880730220579225	0.778706333918403	0.799638378384498	0.751080962794596	0.75689888963133	1	0.713851744534035
ASF1B	1.10815840880256	2.6061688043333	1.93589098303368	1.92793586286894	2.52634015454151	3.27008442778664	0.7233530674524	1	0.766468764560948	0.640432160579182	0.65765990886752	0.725491750184445	0.77241455763757
DNAJB1	0.990569747197249	1.57226894180868	1.14596535213182	0.96607623141186	0.87786889397071	1.04820225404623	1.06074331201863	1.03474525141683	0.982054398472044	0.964064481859778	0.896189441336537	1	1.02495432625518
LSM4	0.972434465507129	0.676480558510645	0.815621149744081	1.11690721883052	1	1.05104985109657	1.15788243382448	1.27264556966981	0.994141100870931	1.03993373016378	1.03108287013872	0.974804761268692	0.994345286963541
CEBPG	0.946814361691452	0.943605599831923	0.774651159918399	1.11580250961144	1.45903639834488	1.35256493051846	1	1.23671093251354	1.49342831530134	0.779635566538595	1.12261637004259	0.866201422471524	0.807374178684957
CALM3	1.11353125428065	0.858164991315183	0.98965946266751	0.945360754882559	0.972936336484441	0.873281503736163	1.13473557201377	1.04591571259823	1	1.09746554873386	1.19302191077782	0.968057843625209	1.02317739373354
BCL2L12	1.11142700945353	0.975215812553874	1.27427395867812	1.39003781527357	1.15289010006025	1.17618413764281	0.931616722495651	1.14923875828986	0.871748054217603	0.823204197264259	0.785247337608309	0.831985888204006	1
UBE2S	1.78295514818108	1.6116557489207	1.47602531988944	0.817452193588434	1.30007165565788	1.12917314012222	1.3425980269742	1	0.863959665018807	0.637764820439941	0.961903106160115	0.683487650022238	0.838866877918648
UFD1L	0.989787036276652	0.829613962506347	1	1.07725768549576	1.00852301784213	0.974861739650832	1.13499388714951	0.929157379686036	1.11721107014378	0.957312283739498	1.08885513848303	0.978618959379458	1.08485838550532
RANBP1	1.07402884049496	0.81595105321312	1.06630681091146	1.04685504368014	1.11446607922741	1.23261585778426	1.00214490729043	1	0.949504135502845	0.78021498808571	0.902773243923212	0.874121118637743	0.94161067046733
CHEK2	0.838349503827006	1.29266431995219	1.09220291445663	1.29499754095981	1.17814963214707	1.27007319041719	0.70055110054997	1.00906047001708	1	0.746610769373005	0.784464113300829	0.949882213029335	0.792945104639685
SUN2	1.37398672205286	1.34943142101598	1.41788673925697	1	1.34628886784318	1.09765893054378	1.06199285259079	0.902870012938139	0.957982356858067	0.946205789146319	0.703730608930958	0.958829863994035	0.952459244594408
APOBEC3B	1.14883261420807	1.41076322310941	1.26203548574389	1.01141981604812	1.12817872039739	0.96720966508146	1.19746638905331	0.92797722187148	0.74951234209162	1	0.767132763881156	0.847463918737081	0.951232339371206
ATF4	0.848865397917952	0.83389070799207	0.860391468569469	1.08143796587344	0.981157002263427	1.09126116779333	0.996585652992313	1.26580072753232	1.50806735151057	1.06588639138896	1.07871907471088	1	0.856064890557523
CENPM	1.07084606797779	1.48378508101395	1.21513796306924	1.33988315035738	1.87305053186849	1.92755194325013	0.861336278409679	1	0.685339723759338	0.760443652208298	0.743624977767575	0.741880303813623	0.631291356753164
GTSE1	1.78094851582548	7.23930674002989	5.6074358237248	1.43607156958521	4.03325957669279	2.54413026255988	0.835352563734605	0.880583016084544	0.843036368803612	1	0.885508268437385	0.894823592447475	0.783650205313852
NCAPH2	1.13817591420582	1.0938745594259	0.942522386834351	1.2873775174697	1.58213889391054	1.45566852584339	0.946412434023604	1.14030278785594	0.974494044232806	0.911615935557184	1	0.894267306741703	0.949777873001862
BTG3	0.776933722463711	1	0.976876146411056	1.08614409300627	1.04188876797746	1.17178511767389	0.885045835058595	0.862943400930553	1.25315490979101	0.833785743377303	0.819486918233184	1.09132772947135	1.02586062966244
MIS18A	1	1.3002002676803	1.27928205805974	1.41306599095941	1.21809269742082	1.5075460581416	0.67728494662547	1.02550064307935	0.80934107791806	0.591256595437594	0.778270085784226	0.716002801243845	0.911087343838793
CKS1B	0.747947957782622	1.27293349115353	1.00158790667304	1.44617423249523	1.50059311078246	1.26814562838657	0.749159851946876	1.09401150780918	0.945937783156715	0.7755547475288	1	0.677004419451124	0.928265622844512
