metacell	x_proj	y_proj
WZM0170001	6	104.836075463184	101.141264006169
WZM0170002	9	350.713122206353	275.591397556348
WZM0170003	5	53.1012264215641	326.104717153863
WZM0170004	4	71.5058921747963	357.765246560648
WZM0170005	14	347.990332141184	294.009166377164
WZM0170006	1	117.747995637612	375.530341767788
WZM0170007	6	101.075775791859	158.053295727032
WZM0170008	1	94.3574829656781	369.076758766516
WZM0170009	7	146.047450037805	81.8947372020784
WZM0170011	11	363.911897787471	146.086312099265
WZM0170014	1	120.061316090348	366.963424441284
WZM0170015	13	400.222079757054	107.200460708403
WZM0170016	12	315.385246715708	305.924486195558
WZM0170018	14	339.951335712836	322.193225876115
WZM0170019	11	387.76666825898	125.606876074912
WZM0170020	2	91.1479160564817	402.815240160296
WZM0170021	13	421.009932546407	98.7821173442262
WZM0170022	12	325.881284530616	311.86891158854
WZM0170023	4	82.1885738232237	392.235233074919
WZM0170024	10	337.238496960422	100.427396001917
WZM0170026	13	413.107752559146	108.593518802106
WZM0170027	4	65.534410285331	389.751789379951
WZM0170029	13	398.962249513536	77.6497151288682
WZM0170030	8	214.479211419337	70.1147175392012
WZM0170032	12	320.297029489732	286.146363524192
WZM0170033	9	354.17591905341	216.511392236848
WZM0170034	13	420.323764320096	112.685292314159
WZM0170036	8	225.348388530085	83.9563028394605
WZM0170037	10	287.833599123306	82.9807273397187
WZM0170038	9	330.626949854603	200.097269067039
WZM0170042	3	154.200018782776	390.885539162676
WZM0170044	9	344.202172839118	226.873452148134
WZM0170045	8	197.657522332564	99.5654786851071
WZM0170046	11	374.967955940028	234.481134405601
WZM0170047	10	382.671291837365	115.928012898777
WZM0170048	4	56.7065145620945	404.645943307
WZM0170049	11	403.912265153556	148.010381904727
WZM0170051	7	224.564760281105	50.1281869596996
WZM0170052	8	235.074537860978	100.824369511124
WZM0170053	4	68.3859860369775	374.515343350091
WZM0170054	4	102.723028102679	370.443507266352
WZM0170055	9	348.79961113262	196.43193317295
WZM0170056	13	424.978661585401	114.703600851073
WZM0170057	14	354.698224684806	306.435927942083
WZM0170060	2	126.679852303391	409.207300704086
WZM0170061	7	170.407988975957	95.4194425751767
WZM0170062	4	46.0981496620198	344.409919820306
WZM0170064	8	166.562310574445	91.1580813106769
WZM0170065	11	401.1239663592	209.657375215544
WZM0170067	11	367.124085117539	178.66177888092
WZM0170068	5	52.2245574826405	311.372675867543
WZM0170069	3	261.090829638895	381.994921662865
WZM0170070	3	269.310289830582	369.419253471394
WZM0170071	5	48.3078976602749	281.975278365949
WZM0170072	5	43.8130364040656	312.135302441199
WZM0170073	13	419.297559738107	86.9389072344406
WZM0170074	12	357.658426809138	306.291005317952
WZM0170075	13	419.154419541914	96.6182419847521
WZM0170076	6	126.581750556847	113.820823117635
WZM0170077	13	392.843967490617	100.21502598922
WZM0170078	6	116.770380010661	106.848786267482
WZM0170079	8	172.860223266326	87.9945514507585
WZM0170080	10	296.011208257415	119.528343505152
WZM0170081	11	371.67397048512	211.460584767305
WZM0170082	2	95.9892285714512	390.962626042871
WZM0170083	7	153.981859003229	91.824611021792
WZM0170086	10	372.157056857621	121.314770564055
WZM0170087	10	302.36053297816	93.4857469725919
WZM0170088	6	86.3951809362189	169.673687521552
WZM0170089	12	314.905404029747	298.282290480447
WZM0170090	13	426.015091886945	105.539194386959
WZM0170093	4	71.3110847500494	396.12189038264
WZM0170094	10	340.019553748859	125.728508731796
WZM0170095	14	359.389239606004	293.038863737412
WZM0170098	5	62.2370399417117	295.871931229004
WZM0170099	3	179.766517676561	369.385444370574
WZM0170100	9	342.563762130392	254.736450992455
WZM0170102	10	274.794294065028	111.587600281071
WZM0170103	14	312.080267824385	336.749600339786
WZM0170104	1	120.296335680457	367.896005699179
WZM0170105	7	159.336352255126	75.9958988687113
WZM0170106	7	154.58178693717	47.9042159798679
WZM0170109	14	358.373703916619	307.33487463524
WZM0170110	10	282.663611659847	75.5235935062282
WZM0170111	13	415.952916570208	111.650507278948
WZM0170112	5	84.1362612968816	342.771181261731
WZM0170113	4	133.810730744385	403.454723432711
WZM0170114	4	44.9394507773442	368.806192975463
WZM0170115	13	410.402274601227	109.073592147362
WZM0170116	12	321.873852121135	306.932304284372
WZM0170117	7	179.166806996633	59.0326626071839
WZM0170120	13	412.317693158496	100.915230323748
WZM0170121	11	363.757812175849	209.024586700812
WZM0170122	13	437.060569369037	98.9140380381277
WZM0170123	1	115.597167958382	398.958097856495
WZM0170124	6	83.1495688437283	116.886238763419
WZM0170125	10	326.769083583368	137.283359500804
WZM0170126	4	81.1444301089146	387.476278646278
WZM0170127	5	48.3525960782156	330.28452688625
WZM0170128	1	91.8113564066454	351.914752549028
WZM0170129	10	334.182768297346	105.827386510368
WZM0170132	2	123.895468640214	412.628794431764
WZM0170134	11	368.743031717221	143.424181154486
WZM0170135	10	300.341258503439	82.6493185822358
WZM0170137	12	294.289188935383	341.173558045491
WZM0170138	3	203.768782415336	387.878847737707
WZM0170139	13	431.837575090704	97.2279597360298
WZM0170140	9	316.250842377789	187.174283925712
WZM0170141	5	47.8194937438799	220.608920672853
WZM0170142	7	130.494824120953	86.0537105764385
WZM0170143	4	52.8549154045298	359.769905306774
WZM0170145	3	168.834843119198	386.069835726348
WZM0170146	3	136.265205732691	376.238593528469
WZM0170147	10	330.906685242614	103.869015113856
WZM0170148	10	315.80431396111	122.267099703695
WZM0170149	6	90.5247228833096	125.799384633058
WZM0170151	9	327.092924325869	290.044718435246
WZM0170152	10	355.136677062032	97.3431254386368
WZM0170153	3	193.353979235298	383.114078293356
WZM0170154	1	113.593690909833	371.618944954293
WZM0170155	5	48.1250193890191	294.427057688227
WZM0170156	13	431.489585150626	70.5641384526015
WZM0170157	1	118.754549322868	373.1883918066
WZM0170158	8	211.703066840652	85.8004665729149
WZM0170159	4	124.052428952072	408.301291505062
WZM0170160	10	348.715311699291	144.858986401379
WZM0170161	13	423.496516087526	87.9699927132038
WZM0170162	13	430.702411823094	78.6014764509142
WZM0170165	13	442.672542199876	109.917630481464
WZM0170166	5	54.5641075095973	329.352920168597
WZM0170167	10	332.500613557427	123.968445358195
WZM0170168	13	426.309246870828	99.7403233406953
WZM0170169	4	78.9340808106865	371.592758154681
WZM0170170	4	69.7311399623254	368.246829748456
WZM0170173	12	308.74374736535	314.627857569855
WZM0170174	2	143.200431002819	412.313200478665
WZM0170175	7	165.519834497735	80.298190089746
WZM0170177	10	310.349256081136	135.647883780569
WZM0170178	7	151.864068092933	52.2918100469915
WZM0170179	6	72.1965420508558	159.29768883161
WZM0170180	13	411.192736081595	97.2390387756887
WZM0170183	3	217.232498451784	385.439896342628
WZM0170184	11	358.151905857996	162.390569567524
WZM0170185	13	403.387746601391	111.119085038649
WZM0170186	10	304.487032169552	108.379914913912
WZM0170190	9	326.350400790878	222.030454393329
WZM0170191	1	107.463544461446	387.218434243394
WZM0170192	3	204.671928703793	380.067529185596
WZM0170193	6	70.6349268610791	161.511414426218
WZM0170194	12	340.177145790763	292.464321273153
WZM0170195	6	85.6254626702172	146.277072599518
WZM0170196	5	58.7337620905874	293.502957132626
WZM0170197	4	52.001449715619	369.76369387363
WZM0170199	1	94.8077740502707	350.735950479044
WZM0170200	10	327.281150200825	119.45128824346
WZM0170201	9	335.703281661041	227.94190883525
WZM0170203	8	187.159629588534	86.7937553406006
WZM0170204	12	305.799179352372	341.123405052213
WZM0170205	4	61.2833047132188	367.191819232027
WZM0170206	3	147.606296408737	395.360041045295
WZM0170207	8	191.726148018281	90.2172770375201
WZM0170209	4	66.5983620103786	363.829805496811
WZM0170210	12	282.840684715526	357.532207680192
WZM0170211	6	102.18304584087	126.541599767709
WZM0170213	13	417.886018566109	130.505942041246
WZM0170214	12	285.717942019853	356.013450327492
WZM0170215	4	44.2066000518342	391.234498381994
WZM0170216	9	316.457552074054	262.115810967742
WZM0170219	3	257.804831765575	391.452178115309
WZM0170220	10	310.62148835979	103.253568099703
WZM0170221	5	45.5264861489263	205.400897948938
WZM0170223	3	178.260459266015	404.378869250461
WZM0170224	8	241.326380569667	93.8682384201294
WZM0170225	7	207.16389749768	40.6969713207949
WZM0170226	12	314.239641087535	330.16681715406
WZM0170230	1	88.2111968043073	399.851334916945
WZM0170232	2	121.128524322434	389.645821816039
WZM0170233	8	171.396522546079	101.708329150675
WZM0170234	7	218.814214253446	64.6539571900959
WZM0170235	2	141.817667463826	422.795414473507
WZM0170236	6	112.266196654905	98.2586061784226
WZM0170237	12	316.698778348087	320.776557736342
WZM0170238	13	416.921704302261	104.041540685086
WZM0170239	14	311.412499364814	329.576196167504
WZM0170240	4	92.7858585495069	369.034323527208
WZM0170242	4	65.7771506096745	392.630833719979
WZM0170243	6	94.2041891333613	122.215428779063
WZM0170244	4	64.641927978437	401.512526331038
WZM0170245	2	137.855036180676	403.975695076916
WZM0170247	2	115.827420793829	393.944984298099
WZM0170248	6	108.512030819772	115.30473698152
WZM0170249	13	412.905276060426	91.2853220812623
WZM0170250	8	236.326039531484	92.8904871202748
WZM0170251	13	423.662189839518	104.298655737395
WZM0170252	8	231.480044397192	76.1825494107304
WZM0170253	12	296.929326133415	350.829337489897
WZM0170254	13	442.904403944836	79.8097668381526
WZM0170255	12	325.141087661463	324.433014359644
WZM0170256	7	162.549615638055	75.1979895555962
WZM0170257	14	336.561809907828	339.922986383922
WZM0170258	4	44.1059851216989	388.271964149617
WZM0170259	1	104.682540311323	385.248762137032
WZM0170260	1	128.184500203678	392.397858676837
WZM0170261	6	94.875146047811	124.320778217412
WZM0170262	13	426.28015173074	119.161129563031
WZM0170263	6	73.8447865814852	148.483818578402
WZM0170264	3	125.013584170967	398.056447636254
WZM0170265	13	429.493341351206	87.4901356173573
WZM0170267	4	79.902408814647	373.199835612579
WZM0170269	14	330.463710705535	319.272802715844
WZM0170270	2	128.783595863864	389.519232602446
WZM0170271	3	238.762388915175	386.397386062484
WZM0170272	9	332.327225208734	248.557105287809
WZM0170273	6	118.329991356072	105.495549490925
WZM0170274	1	89.3587846035575	340.523342973509
WZM0170275	4	97.6978980421061	387.598128680071
WZM0170277	7	143.512795317259	81.8103059264474
WZM0170278	11	341.390808684774	184.312961907301
WZM0170279	1	115.437404073957	347.749889306239
WZM0170280	8	142.141662704896	96.5415212469121
WZM0170281	10	327.302255347326	104.501365315865
WZM0170282	4	99.044824725588	362.672559997327
WZM0170283	14	323.58240099061	325.939290758248
WZM0170284	6	54.8699201242487	174.894791939664
WZM0170285	10	315.351010319345	126.556673300827
WZM0170286	9	340.57021845373	191.923093629537
WZM0170287	5	43.255265372214	330.952594430821
WZM0170288	10	304.505018085195	108.084835398991
WZM0170290	2	117.288469635588	390.234739162402
WZM0170291	13	444.293304209521	86.0451735578402
WZM0170292	7	137.869013517352	95.6314997069947
WZM0170293	13	405.008587866649	107.667160715208
WZM0170294	6	75.0799128487829	137.998961842358
WZM0170295	11	381.141740411293	231.878908341151
WZM0170296	13	421.814285227412	114.778272009762
WZM0170299	2	101.355810395227	425.793525100716
WZM0170300	5	41.1537812509806	252.753258098636
WZM0170301	2	125.973304542995	382.732900930435
WZM0170302	7	162.613321785636	64.2140504567076
WZM0170303	1	110.925368237477	405.911233530124
WZM0170304	6	118.320830234389	118.902207188134
WZM0170305	8	195.07630605089	82.4179797931672
WZM0170306	9	337.922483854378	226.313872910276
WZM0170308	4	95.4190844091072	400.847015879844
WZM0170309	13	429.329680996858	116.725363094738
WZM0170310	3	173.009797605235	398.248808227809
WZM0170311	3	177.09888641821	375.399369552781
WZM0170312	13	439.294352996755	79.8160565552123
WZM0170314	5	55.6128412909985	288.929921119534
WZM0170316	2	112.035424849017	386.94366245318
WZM0170317	5	66.4702254629186	289.449279361316
WZM0170319	14	372.787118942761	299.22710707432
WZM0170320	4	51.065011474606	390.919215283483
WZM0170324	2	127.8402253401	408.339474822589
WZM0170325	5	43.6759195764577	271.214924998957
WZM0170326	11	362.8637355572	225.64309850014
WZM0170327	13	426.926339651115	122.431082989663
WZM0170328	4	82.9372518478275	366.698588767432
WZM0170329	12	317.177103321366	339.529166661098
WZM0170330	13	420.498148467874	84.0306399352675
WZM0170331	6	94.1962363047701	109.485113869129
WZM0170333	12	311.206941375125	303.18015647687
WZM0170334	12	335.758267199926	300.887806844204
WZM0170335	11	383.360211494314	170.076989677234
WZM0170336	8	177.496098942183	88.3004043669577
WZM0170337	3	268.525800557316	354.510130894582
WZM0170339	8	208.358863956125	83.9596682069181
WZM0170340	7	198.467767296863	74.9157289220499
WZM0170341	2	102.101968203021	396.869727957203
WZM0170342	7	205.485994597456	29.8874573154596
WZM0170344	10	327.887204735929	122.54636153808
WZM0170345	7	178.033863617655	95.3513722889357
WZM0170346	6	101.160347320165	93.68527813263
WZM0170347	13	435.890742397533	90.5047297014614
WZM0170348	9	339.414261789579	195.120769370924
WZM0170349	12	323.695071955999	306.418424133758
WZM0170350	14	367.535126008239	286.097141328134
WZM0170351	10	310.181415977606	112.371490015249
WZM0170352	5	34.6880899103463	338.24951435653
WZM0170353	7	177.732525579848	74.4439784441177
WZM0170354	4	47.7127226511541	364.12691737259
WZM0170355	8	186.499286276691	98.1374093311713
WZM0170356	10	316.155188162763	100.946704195176
WZM0170357	13	418.764979308967	95.2937984042217
WZM0170358	1	106.91468701829	380.653024362788
WZM0170359	1	95.677051527168	367.82053883793
WZM0170360	4	69.8645906146443	389.822916659552
WZM0170361	10	359.423416010378	108.515418229527
WZM0170362	13	389.055594598551	108.331668017737
WZM0170363	4	61.5046685042023	389.597208420646
WZM0170364	10	299.931399138438	126.349253177317
WZM0170365	2	108.895310562144	374.221055833942
WZM0170366	13	434.549617563286	94.1307357616299
WZM0170367	12	293.55263088676	341.929710122643
WZM0170368	10	301.990666795765	90.4974390535691
WZM0170369	8	247.134524883148	79.0685637206413
WZM0170370	4	64.3706250305181	363.275869415646
WZM0170372	3	235.921430001236	372.043213337861
WZM0170373	4	84.8918282461692	376.549072941444
WZM0170374	4	74.2845688414544	390.407445864313
WZM0170376	12	322.20355703692	307.511719673663
WZM0170377	4	73.5094441704111	378.847712667295
WZM0170378	2	118.821117482743	378.105679083456
WZM0170379	1	83.7259304449486	368.639204130219
WZM0170381	3	147.307248557259	396.675894572126
WZM0170383	11	365.05866798453	203.64474063759
WZM0170384	10	379.077403907232	124.324335210283
WZM0171001	1	107.382278784566	368.691463923435
WZM0171002	3	215.426688543112	399.540212827562
WZM0171003	7	148.633890589084	70.4935032115959
WZM0171005	10	386.381289574522	120.962178344718
WZM0171006	10	270.423655127893	69.4888797775621
WZM0171007	1	120.271328330231	363.333327317355
WZM0171008	5	43.6150262282002	300.436685165062
WZM0171009	1	101.816210701788	376.76053356855
WZM0171011	2	129.909459387708	390.349787782863
WZM0171013	5	38.9727519097967	337.785313454707
WZM0171014	6	89.7454472263954	158.93700333525
WZM0171015	4	44.6409638345505	346.624091192912
WZM0171016	10	353.034917438734	105.293638948059
WZM0171017	11	377.180142721602	167.700277114052
WZM0171018	12	324.558508319542	311.775179385944
WZM0171019	6	66.0899739364983	169.632983815733
WZM0171020	1	71.7824591876182	363.946495607734
WZM0171021	13	435.394967145536	94.7228122776297
WZM0171022	8	176.395244068603	98.9325178101489
WZM0171023	8	190.453261812121	63.4600202281635
WZM0171024	9	324.985610171594	284.39759322587
WZM0171025	2	129.853174249717	425.259716361504
WZM0171026	5	39.7322801420557	278.973838592864
WZM0171027	12	312.740774746824	298.166719065305
WZM0171028	13	427.270526876374	99.1277146036367
WZM0171029	7	155.279461933203	79.5479418853458
WZM0171030	1	114.776907617756	353.950115972054
WZM0171031	5	54.8899001269841	334.890038547141
WZM0171033	5	28.3326000571872	344.020518688154
WZM0171034	10	311.342295367191	102.45460471536
WZM0171035	9	326.775959135167	239.892094542531
WZM0171037	9	336.677791493578	248.794568738187
WZM0171038	10	308.651769050881	115.202362559416
WZM0171039	1	91.7089988406656	355.709729767187
WZM0171041	7	182.608177135583	64.432598036969
WZM0171042	3	166.93689403414	396.843388398306
WZM0171043	13	417.046746620955	93.9415953378605
WZM0171045	2	113.075431221542	411.850221134076
WZM0171046	3	198.130771931758	380.474514588877
WZM0171047	14	370.704408542098	290.652968945398
WZM0171048	11	353.591442886847	185.137342140956
WZM0171049	8	198.684905494807	108.82487494161
WZM0171050	12	333.52255197566	303.972607479228
WZM0171051	7	189.105071152657	71.0173209476632
WZM0171052	13	412.405413978523	108.000020588818
WZM0171054	13	411.332118442255	114.716244292562
WZM0171055	11	370.216106251882	229.621306313148
WZM0171056	12	323.030741959416	282.344056909536
WZM0171059	9	332.333938059279	178.869545030856
WZM0171061	10	334.426321594147	126.827898063128
WZM0171063	14	339.821592534451	338.587032030966
WZM0171064	5	56.1450757732228	236.413839466011
WZM0171065	1	127.257237704683	378.808421698298
WZM0171066	12	280.7641668578	334.168986570678
WZM0171070	9	337.171528927612	232.852791871635
WZM0171072	1	139.269857608574	375.218261821754
WZM0171073	8	186.431137389985	88.6021113049814
WZM0171074	11	365.912685463147	143.713411041764
WZM0171075	3	179.364818520305	367.290835936717
WZM0171076	13	423.488941501394	84.4964011586555
WZM0171077	11	364.363534921338	177.851407195538
WZM0171078	13	430.1074919512	95.3064184519077
WZM0171079	1	108.68422246	394.132362352402
WZM0171080	13	435.241450263801	83.7272070625156
WZM0171081	5	81.9210208118875	307.36748024628
WZM0171082	7	177.414739367989	64.5189060480725
WZM0171083	11	345.663002201007	158.146461287361
WZM0171085	6	127.280952112038	93.426592567148
WZM0171087	3	139.590216694968	385.59787688809
WZM0171088	11	341.799041656728	172.4199068555
WZM0171089	13	415.011786797678	108.653257609804
WZM0171090	10	327.8156366011	90.910959235293
WZM0171091	5	52.1772707208454	331.467475023548
WZM0171092	10	322.130011257092	102.780012035231
WZM0171093	11	391.831726009074	195.893529137449
WZM0171095	1	79.6958971041839	366.634526158468
WZM0171097	9	344.614880393793	179.359802556445
WZM0171098	14	362.242147092971	334.873322896037
WZM0171099	5	57.8675530999655	230.502682397783
WZM0171101	10	331.356926008136	115.56197171212
WZM0171102	12	325.032249984456	301.984203827194
WZM0171103	10	342.799135443329	93.7441031192719
WZM0171104	10	341.581950975735	112.55183046159
WZM0171106	6	120.210653015421	102.082852554267
WZM0171107	13	429.950516845512	79.781399375771
WZM0171108	6	126.134958666251	102.292850252586
WZM0171109	12	303.572231941047	331.749198685338
WZM0171111	12	329.307009929734	291.73422674994
WZM0171112	10	359.459707087599	136.797726559329
WZM0171114	4	56.859914165459	386.657066553955
WZM0171115	13	440.021608081482	79.2492947546425
WZM0171116	12	306.742825804373	341.176664112103
WZM0171119	13	421.204951746221	80.1633218131431
WZM0171121	11	402.031745628149	179.573578655355
WZM0171123	10	333.549057388148	111.784894343572
WZM0171124	9	326.909139034704	239.502625614211
WZM0171125	6	88.2515897234434	152.712616826311
WZM0171126	11	405.804279867095	162.827199457925
WZM0171127	5	56.9264832034452	242.793865157091
WZM0171129	11	360.815259187712	178.65163898566
WZM0171130	4	88.8092475432483	371.982377694209
WZM0171132	1	105.671502696702	368.205149294439
WZM0171134	8	211.705719364479	69.0449922809533
WZM0171135	8	167.361590075743	72.6147103414258
WZM0171137	1	106.477624867454	389.62682898303
WZM0171138	8	207.31597645475	68.5894947707001
WZM0171139	12	359.458639405435	285.910132775328
WZM0171140	5	55.6789240018213	336.368186362054
WZM0171141	2	136.365361296307	408.62871986919
WZM0171142	4	64.235841659705	355.673982164921
WZM0171143	9	343.832025058343	261.215639382511
WZM0171145	13	403.014243533971	110.31875963108
WZM0171147	5	69.4233726312063	281.505203468666
WZM0171148	10	348.532988682713	102.909098272688
WZM0171149	5	60.8733062637317	271.916706112185
WZM0171150	9	337.693065246606	218.044444175924
WZM0171151	4	50.7694117479963	371.896214286513
WZM0171152	12	342.406789961225	309.036009766975
WZM0171154	10	328.886876722684	113.905672019629
WZM0171155	1	134.923948834445	378.967466104935
WZM0171156	5	57.1506836269873	278.935607026921
WZM0171158	7	162.143840066737	59.2494567712197
WZM0171159	7	140.444829360177	90.9714766458599
WZM0171160	6	67.5576560107478	167.247850180404
WZM0171161	3	197.554587087297	379.888623404265
WZM0171162	5	53.8710635527429	324.223064205328
WZM0171163	11	367.784748243169	236.152078468073
WZM0171165	12	360.213495334243	260.856497771989
WZM0171166	13	427.225018213441	96.9618667327569
WZM0171171	4	79.6405142801046	374.156347713989
WZM0171172	12	344.025542918494	308.266321734421
WZM0171173	7	153.763667301968	86.4041442527713
WZM0171175	5	29.4359851821409	290.532800679242
WZM0171176	10	354.148926231538	124.13360405649
WZM0171177	8	247.544718633327	72.2580559178485
WZM0171178	13	404.647009559433	78.8132265071629
WZM0171179	8	176.410969131114	64.9300379017815
WZM0171180	4	95.335618507218	391.455316588089
WZM0171181	13	429.538978172848	85.1389912135609
WZM0171182	1	85.6911451436996	369.208064577509
WZM0171183	6	73.8450959553537	118.738269547408
WZM0171185	10	337.83454996668	104.692370057503
WZM0171187	8	202.167687758052	76.58978235198
WZM0171188	2	140.976239574297	424.837879215979
WZM0171189	4	82.3044425894997	371.657587407246
WZM0171190	13	403.793552667204	134.39221486702
WZM0171191	12	310.793019886929	345.504107019578
WZM0171193	3	166.931328765412	390.908108339602
WZM0171194	8	269.641591400991	82.8906536697503
WZM0171195	1	139.526867555868	370.995310147913
WZM0171196	2	124.478758520225	396.76704388553
WZM0171197	8	222.079468036935	59.1124338396264
WZM0171198	3	222.582800717356	357.212362859198
WZM0171199	6	73.1766640007003	170.248810549996
WZM0171200	13	410.400690056079	100.62800570823
WZM0171201	1	117.683388395281	357.717292345869
WZM0171202	8	168.232744082752	115.212847754701
WZM0171204	2	129.451157881246	405.092043259738
WZM0171205	1	119.010197329852	369.562351078503
WZM0171207	4	71.2398084838764	405.450469544358
WZM0171208	10	289.28941936928	97.5190585551255
WZM0171211	12	305.161085980873	350.168210211005
WZM0171212	10	360.266676563087	111.3906644531
WZM0171213	12	335.656665210101	311.047169320265
WZM0171215	9	320.568878663718	248.98150686207
WZM0171216	4	60.938298100648	361.816865582436
WZM0171217	4	66.0618041184433	371.048145224052
WZM0171219	13	415.966405909541	89.2800175295
WZM0171220	10	327.786619217974	111.292536615137
WZM0171221	10	321.563527992698	118.830754651834
WZM0171222	1	127.025760428129	365.511945589965
WZM0171225	6	88.6443720318892	117.922309729769
WZM0171227	11	363.190158734931	198.838409634119
WZM0171229	11	411.191673170904	161.676346337328
WZM0171232	11	379.20440498246	150.008406072239
WZM0171233	13	433.462352873581	81.6335336183183
WZM0171234	12	328.012864281761	325.501924838575
WZM0171235	7	167.641698309868	91.1651951530097
WZM0171236	11	366.1479886027	220.993977103552
WZM0171237	11	388.909169051385	183.194553748411
WZM0171238	2	138.783509987951	406.392063873118
WZM0171240	7	194.009073704605	76.7879375666606
WZM0171242	9	363.050723632712	223.714337687291
WZM0171243	13	437.497849728714	94.4985480418009
WZM0171244	6	108.955169029363	108.93490030152
WZM0171246	14	330.618625841687	291.97867272162
WZM0171248	4	58.19945245333	387.284098151142
WZM0171249	10	337.900512709238	134.640216703773
WZM0171250	5	38.4821351494504	246.456667234002
WZM0171251	13	418.50135749985	91.3038375519368
WZM0171252	1	140.602569289908	356.564550074968
WZM0171253	4	66.9821873338322	355.778103208717
WZM0171254	6	57.7917107301619	171.324448097522
WZM0171255	1	121.887518154797	352.511317053098
WZM0171256	13	415.3975736964	79.3223974719832
WZM0171257	14	341.703169452219	306.180098050636
WZM0171259	13	407.172579711077	118.197988565038
WZM0171261	2	96.3763710395484	378.921827727718
WZM0171262	9	332.309050265722	252.377824664233
WZM0171263	14	328.518377972899	311.912736539435
WZM0171264	13	416.595970750017	121.567902631032
WZM0171266	1	104.657927050464	351.880893076612
WZM0171267	4	80.6865504305131	389.558102649874
WZM0171268	9	337.469824069983	251.583152459803
WZM0171269	1	101.428646182812	366.604099381656
WZM0171270	5	58.7000468842014	349.424646644869
WZM0171271	1	99.594998710559	378.673997475279
WZM0171272	12	327.833224445806	309.308252168341
WZM0171273	12	313.991380488217	314.733838704279
WZM0171275	13	405.641756175585	90.1155936980451
WZM0171276	12	340.233210856225	290.96049345599
WZM0171277	2	120.751931475868	376.644149543196
WZM0171278	1	127.670862734334	345.979222581722
WZM0171280	5	56.0869849169624	353.344454133829
WZM0171281	5	45.3776397627427	319.121393159525
WZM0171282	10	282.028574816797	109.095810460171
WZM0171284	4	114.81165689822	368.884049182243
WZM0171285	9	337.712044734256	221.347749974382
WZM0171286	7	189.807972469644	57.5553773475689
WZM0171287	7	169.77073941384	96.084846202841
WZM0171290	1	82.2967466228149	342.676351816052
WZM0171291	1	86.9732645287539	386.888570703004
WZM0171292	2	125.421020212485	382.447502087716
WZM0171293	10	268.827086422534	105.072170055416
WZM0171294	6	103.087837101824	101.969239901878
WZM0171296	1	105.580632092853	366.924497659013
WZM0171297	4	44.8808511554902	403.935382943359
WZM0171298	3	172.62731758404	404.55166615618
WZM0171301	7	190.53191027586	74.2435579678895
WZM0171302	8	202.59015226555	81.9416831611031
WZM0171305	10	311.725107618363	90.1889177653522
WZM0171306	1	96.107888623886	378.693962028867
WZM0171307	11	335.80740769894	150.8432237204
WZM0171308	1	93.6580704607522	359.496810624855
WZM0171309	3	142.389403132935	371.164080961482
WZM0171310	6	127.469552195251	80.8007141725367
WZM0171311	8	166.405114182316	98.4868529233552
WZM0171313	2	127.526302882331	367.615199958926
WZM0171315	10	297.434469790224	115.288608543988
WZM0171316	6	85.4538854411508	129.730387102267
WZM0171317	10	345.388778472253	155.509684676463
WZM0171318	8	207.169821938492	82.9527828763911
WZM0171319	1	98.7920135047238	388.183819911252
WZM0171320	7	192.941183989174	92.911911051537
WZM0171321	5	56.4207641320806	362.264511882372
WZM0171322	13	432.001845064277	83.797682742191
WZM0171324	1	83.8401956003268	357.73608778115
WZM0171325	10	342.409794701748	127.883506882353
WZM0171326	7	247.503771652157	53.5984107738362
WZM0171327	5	47.8583777218125	340.711250684292
WZM0171328	8	188.760096002834	99.6740775118197
WZM0171329	4	78.2941166858151	368.74903081902
WZM0171330	11	358.793656958525	220.728353088707
WZM0171331	11	362.856140122272	256.04211468426
WZM0171332	6	89.7788920226079	151.172541627104
WZM0171333	8	226.384973414312	101.82983787755
WZM0171334	3	202.382504224932	391.061586861165
WZM0171335	9	362.854704072443	244.683293412149
WZM0171336	8	261.780153666374	95.6859679396825
WZM0171337	9	333.0258587561	218.345670542326
WZM0171338	6	140.350590278003	96.0300390418182
WZM0171339	13	410.515433828449	125.504452662599
WZM0171340	4	96.9362177452185	384.434736950619
WZM0171342	14	336.428285720849	269.96203776044
WZM0171344	2	110.343380871765	390.293250081968
WZM0171345	2	87.0734995948729	380.34634108147
WZM0171346	1	107.105487591508	388.67370825925
WZM0171347	2	126.500204957988	401.859127998955
WZM0171348	12	329.675761760591	271.376554010647
WZM0171349	12	335.393944027298	293.290969186608
WZM0171350	6	107.170011998673	118.427870216528
WZM0171351	11	350.96426395115	177.479060265907
WZM0171352	11	368.897872488141	177.882085010113
WZM0171353	9	344.92841256502	240.615230379693
WZM0171354	7	148.344351180369	68.0366045079402
WZM0171356	1	77.1411268952022	361.312057071784
WZM0171357	10	339.255556660692	136.339986174995
WZM0171359	1	130.427426297139	381.027212383102
WZM0171362	11	351.715589213677	178.333481757136
WZM0171363	8	204.84917649176	87.1761977099227
WZM0171364	12	331.413636263316	289.352613465229
WZM0171366	7	177.883602315233	76.3585697758803
WZM0171368	7	168.295768453135	49.0292350279829
WZM0171369	6	79.7139622795287	143.889561121482
WZM0171370	12	322.012248911729	348.312272138583
WZM0171372	13	440.568516206707	105.63668358922
WZM0171373	8	219.457508416203	61.7283168814655
WZM0171377	13	439.539259707728	85.8795593292122
WZM0171378	4	65.0462536708097	386.368545248407
WZM0171383	10	285.687970979375	115.098082715187
WZM0171384	10	335.164743103339	90.3717502483099
WZM0172001	2	105.247564513481	391.265000033033
WZM0172002	8	175.606159454917	108.776209379991
WZM0172003	2	123.640046852565	401.067914425803
WZM0172004	10	345.607770908925	122.131862973476
WZM0172006	1	116.128371460366	355.708122925324
WZM0172007	1	125.180612044069	378.693568779937
WZM0172008	7	150.797901661298	88.5343240837329
WZM0172009	7	162.285425030379	76.8108576492618
WZM0172012	11	354.835084982001	185.666301394595
WZM0172013	12	339.283641820893	294.413942166078
WZM0172016	13	443.220878200057	86.8862558893275
WZM0172018	2	102.363804466729	400.828841238324
WZM0172020	6	85.3271513885953	116.388094703701
WZM0172021	13	411.287731388694	100.205061836571
WZM0172023	1	126.082968442826	370.735861080317
WZM0172024	13	418.976589283695	128.959436727785
WZM0172025	1	113.795118767812	375.077600109591
WZM0172026	10	340.653298702043	116.297027974727
WZM0172027	9	342.51875513282	249.717283876206
WZM0172029	6	96.99263948598	90.0771575946168
WZM0172031	6	81.7562970130155	141.604011711008
WZM0172032	12	308.588815183182	326.039224343379
WZM0172033	8	161.849948179741	77.5506306341746
WZM0172034	9	342.383277466381	242.97042631204
WZM0172035	7	181.192038495109	61.3481568488726
WZM0172037	7	160.006911650419	44.9691070807459
WZM0172038	7	141.725257135444	65.3877890113582
WZM0172039	10	298.303024209689	106.167660019407
WZM0172041	11	335.831825643454	230.317202738482
WZM0172042	4	78.8512563801058	364.7552341766
WZM0172044	8	194.684421275437	69.8831921101593
WZM0172045	1	111.813345792797	383.727850090312
WZM0172046	13	397.966183981693	113.29684544179
WZM0172048	10	326.198633325183	133.168628918249
WZM0172049	2	116.283991081088	379.925310947668
WZM0172051	13	428.528009255592	93.0052656072143
WZM0172052	13	421.410220151311	94.6895145646272
WZM0172054	13	389.642138279919	96.1103252962376
WZM0172055	13	436.716337156498	72.0383211019947
WZM0172056	6	111.53146203803	106.73963353264
WZM0172057	6	90.5424596537102	127.792658567238
WZM0172058	1	138.316376108443	380.05849316995
WZM0172060	6	91.2848024295631	110.491558135877
WZM0172062	1	105.45056260264	367.780356254703
WZM0172063	2	130.528083863451	397.217181104067
WZM0172064	14	371.513228003407	289.106946658153
WZM0172065	4	74.3916564115352	371.77394205246
WZM0172066	1	149.544581524747	392.7760208675
WZM0172067	13	404.392075467014	91.9082905386751
WZM0172069	6	105.729391717599	148.441036811029
WZM0172070	13	421.803709421881	93.1968257290037
WZM0172071	6	126.15228221244	105.052362796048
WZM0172073	1	89.6255130318434	372.062534695567
WZM0172074	5	55.3260303924616	326.982709559489
WZM0172075	14	329.654824878561	302.579322709156
WZM0172076	6	115.569008346573	91.7443742980647
WZM0172077	2	114.553693942002	407.384113391496
WZM0172078	13	416.916061525378	100.949676415605
WZM0172079	13	404.984089292708	110.515442945226
WZM0172081	2	101.068614426921	380.805282746575
WZM0172082	13	429.780498809164	88.3180639657593
WZM0172083	10	365.628234263878	97.618336468491
WZM0172084	8	225.919734589552	78.1790361123584
WZM0172086	5	68.4478804439077	337.116302439134
WZM0172087	14	347.410034556673	366.691016382758
WZM0172089	8	194.872821361223	88.118244985159
WZM0172091	14	317.84422398115	347.236014602622
WZM0172092	8	236.926366458973	73.2023668054601
WZM0172093	11	366.1152651836	199.051288864362
WZM0172094	1	137.151449798416	387.5201005858
WZM0172097	13	412.499566154716	86.6236712255681
WZM0172098	1	110.022519045362	383.080871089073
WZM0172099	10	324.668586035208	128.629420314905
WZM0172101	13	424.539016478098	95.1102967505844
WZM0172102	11	371.638783462723	164.479388773828
WZM0172103	1	132.756177305312	373.045954001431
WZM0172104	11	355.033161107926	191.152844426573
WZM0172105	5	60.3882627956568	278.984807315472
WZM0172106	13	425.970298926763	124.602303426643
WZM0172109	8	165.000277388268	61.300266908205
WZM0172110	10	355.651080255218	121.829960091508
WZM0172111	9	343.740038444846	239.359524091799
WZM0172113	7	153.173677528351	82.7238217047788
WZM0172114	13	430.101070454587	107.05855731679
WZM0172115	10	365.85735025118	114.453718878966
WZM0172116	13	432.394767119938	105.966442533198
WZM0172117	9	343.408584899534	238.523566033564
WZM0172119	7	154.579201647402	76.3908544766783
WZM0172120	2	118.949318430212	374.44147686176
WZM0172121	8	231.583730198489	85.1390686615445
WZM0172123	9	368.26033111804	204.896994066889
WZM0172124	12	300.671217844744	305.068945216219
WZM0172125	13	415.325173571643	86.8330493212042
WZM0172126	6	62.4928754884102	167.550474281743
WZM0172127	14	350.825956028084	318.523521766669
WZM0172128	13	406.196793013013	131.297049059896
WZM0172129	10	324.528681449099	125.643138442479
WZM0172130	14	348.664676401045	276.817540171809
WZM0172132	8	118.823836775127	117.960125247749
WZM0172133	14	372.811481092184	273.925834283681
WZM0172134	13	434.871999472387	87.865404797318
WZM0172135	10	312.547592979972	104.466991742596
WZM0172136	13	402.459903638289	82.847286830046
WZM0172137	6	62.2303937944209	171.84842434135
WZM0172140	1	94.8336653546936	371.17079752443
WZM0172142	9	346.977295399882	206.327780469874
WZM0172143	13	426.757194342168	80.9049680698219
WZM0172144	10	307.023991758308	106.325182570064
WZM0172145	12	326.20934965483	338.916989013942
WZM0172146	7	162.211940039875	90.6631251756857
WZM0172147	11	357.922736176964	158.595831920897
WZM0172149	4	107.72149954762	373.796543339354
WZM0172150	7	173.040181330764	83.2151130202557
WZM0172151	14	366.497157807954	292.93747471054
WZM0172152	6	108.755412777826	119.392762838362
WZM0172153	8	186.915971600258	77.7691508443625
WZM0172154	13	421.770628341281	100.983106825573
WZM0172156	11	367.841292707062	226.661666613064
WZM0172157	3	183.405054080548	394.124367413462
WZM0172159	11	360.962957688062	156.243656631597
WZM0172160	2	138.354895018778	392.424336431488
WZM0172161	10	382.416468020348	120.666578284329
WZM0172162	7	222.428711840204	94.8645201939652
WZM0172163	2	130.770180017531	419.288000849674
WZM0172164	2	106.692421961646	382.014220877143
WZM0172165	13	391.308524082308	89.6697462926137
WZM0172166	6	110.801020085865	111.05968266762
WZM0172168	13	386.457261173102	106.889937852607
WZM0172169	10	335.832911751826	102.900316560789
WZM0172170	1	115.793201244631	368.222474679148
WZM0172172	6	97.6995732137444	100.675175440096
WZM0172173	4	74.2045399211573	389.692253765574
WZM0172174	6	90.8180983045009	164.826426820141
WZM0172176	7	205.805026989411	81.365126567779
WZM0172177	13	426.650897506342	82.351437735922
WZM0172179	1	110.903537383692	393.252000575749
WZM0172180	5	23.8660678486158	318.206127504861
WZM0172182	4	45.351800132467	356.33979181068
WZM0172183	10	349.662103226754	94.5418259418722
WZM0172185	2	107.284478836586	389.54015375706
WZM0172186	10	306.868612238769	96.0086731024756
WZM0172187	1	107.285665453238	369.52506917555
WZM0172190	10	315.568429901887	123.673614303018
WZM0172191	13	424.92607209253	79.7596157353524
WZM0172195	6	89.6259917604332	126.669908847463
WZM0172196	13	428.022080476589	87.432740482465
WZM0172197	13	446.775112853286	99.7437066519976
WZM0172198	8	221.271343028306	78.9186321618821
WZM0172199	11	398.872674452051	188.861462702312
WZM0172200	1	123.936732631357	369.702247455619
WZM0172201	5	44.9111722270232	324.053665550042
WZM0172202	13	418.324153403692	101.896895090354
WZM0172203	9	312.293920411797	207.010658303277
WZM0172205	11	363.87230018692	180.074720427579
WZM0172207	6	70.7017430205261	163.245609304957
WZM0172208	13	419.050800955491	99.573290822167
WZM0172209	4	73.6358432612739	391.230483950444
WZM0172210	13	425.524466225955	109.759820514373
WZM0172211	13	436.99406030285	94.8273028862784
WZM0172212	5	36.7356344158382	279.945219371097
WZM0172213	13	413.24966561378	101.483780565553
WZM0172215	10	351.88977483352	122.515225512894
WZM0172216	4	57.4133118224206	393.760363827101
WZM0172218	2	134.666434968425	362.907085354493
WZM0172219	2	143.945440309676	410.001895180024
WZM0172220	14	367.335023132241	276.577162322215
WZM0172221	5	48.9129055357566	278.511533249293
WZM0172222	5	38.5470942826132	348.899511206996
WZM0172223	12	350.333667315823	255.853892255689
WZM0172224	10	295.485406777048	95.7689983894448
WZM0172226	14	380.856231089118	294.553888471921
WZM0172227	13	440.011126057148	81.545579326618
WZM0172229	12	324.541743796722	334.233883018475
WZM0172230	4	74.8613246185616	351.246572112398
WZM0172231	2	124.754171089061	411.411555788101
WZM0172234	10	321.975252000642	131.069707097848
WZM0172235	8	154.970469418389	105.231520503791
WZM0172236	10	314.975651679205	135.107767799915
WZM0172237	14	324.500373992871	353.92468252983
WZM0172238	11	356.009825592604	170.840609443732
WZM0172239	6	108.946334914133	103.154412245862
WZM0172240	10	306.346252152185	96.370872125459
WZM0172243	5	23.9457798371498	314.292377268603
WZM0172244	6	91.651550183728	151.586789484148
WZM0172245	13	400.38165596229	102.457548739048
WZM0172246	7	145.39806301621	74.5910458204043
WZM0172247	14	314.381469082546	329.958332218827
WZM0172248	2	139.25841674288	389.676437017997
WZM0172249	14	358.17302375338	324.938320312155
WZM0172250	13	404.036375133967	97.6832013672924
WZM0172251	13	423.142806784938	94.0535178610486
WZM0172253	12	340.425303951841	312.393365949356
WZM0172255	11	356.437843185443	184.955289465878
WZM0172256	10	365.381336015159	125.961492115793
WZM0172257	3	181.50705164311	394.268403624641
WZM0172258	9	353.835581854016	211.213227845872
WZM0172259	10	318.900283008574	117.761876143357
WZM0172260	11	362.78959963306	193.550259430832
WZM0172261	8	207.77577954868	88.6001220670217
WZM0172263	13	382.113708032368	97.4863671770555
WZM0172264	14	353.668056905203	305.778970570936
WZM0172266	1	82.9503248131804	359.257770415613
WZM0172267	13	437.235203073288	99.9243878342742
WZM0172270	4	56.7002044588482	378.270508373801
WZM0172271	8	194.811137792672	91.5908762784262
WZM0172275	6	115.338438401494	104.998736675385
WZM0172277	2	108.153437532452	411.497333531894
WZM0172278	13	430.154255294716	82.9990900146605
WZM0172279	2	86.8739966463195	389.109712916603
WZM0172280	6	107.856400981088	100.271079789396
WZM0172281	6	69.5213549734113	133.21902759524
WZM0172282	7	146.44260655094	61.3578871784872
WZM0172283	9	330.035725532589	217.994014224945
WZM0172284	8	213.392440610408	96.4387448628773
WZM0172285	13	443.354603244455	83.2386978711818
WZM0172286	13	422.829164069655	89.8409886021079
WZM0172287	4	88.2043850545741	382.125942373577
WZM0172288	2	113.240439560508	385.763182971486
WZM0172291	13	439.381217951076	101.36525167648
WZM0172293	11	381.633591583693	210.122592859276
WZM0172294	12	307.508635651774	311.044525539555
WZM0172295	3	205.019454073279	390.507336739792
WZM0172296	13	427.886167321896	96.215503576367
WZM0172297	4	47.0573248123526	364.929524670515
WZM0172298	7	171.555844369761	72.9676974974937
WZM0172299	13	418.189162355845	96.2516881583722
WZM0172300	8	187.066359290686	97.7764648100248
WZM0172301	13	415.276195443935	99.0901277546203
WZM0172303	12	325.612512798119	288.428320102893
WZM0172306	12	302.724000713659	333.799270358241
WZM0172308	7	204.049326913317	63.2811712931311
WZM0172310	7	169.730574865942	61.4034509697133
WZM0172311	6	107.94604937299	116.063644460037
WZM0172312	7	157.743110905833	82.2825994307896
WZM0172314	3	213.086179455744	374.699884596768
WZM0172315	6	95.4029512455551	145.192049335062
WZM0172316	10	337.376543918637	109.908433325886
WZM0172317	8	176.983919126079	64.5802268527829
WZM0172318	8	204.006922824574	81.7779915702274
WZM0172320	10	326.050588449687	117.417548746601
WZM0172321	11	382.919814694654	196.998351156533
WZM0172323	1	109.788049277561	392.639517406117
WZM0172324	10	313.363150609752	119.511975072274
WZM0172325	7	140.071457306601	58.1422040203327
WZM0172326	5	64.8311862090826	352.616623979256
WZM0172327	11	370.380365259984	196.082128587797
WZM0172328	13	428.90183112002	86.5431015073512
WZM0172329	3	112.836062711967	391.789892717789
WZM0172330	3	157.969534626001	380.209233198395
WZM0172331	13	412.171236138793	76.5297516600469
WZM0172332	3	177.535943459403	396.891040240917
WZM0172333	12	321.155565090812	278.099231198474
WZM0172334	2	140.955873790096	391.480296676867
WZM0172335	11	365.738198223861	164.891726966529
WZM0172336	9	348.913514758774	223.104775824472
WZM0172339	3	208.30009691967	370.903471157015
WZM0172340	6	98.9703601978687	122.688740054091
WZM0172343	10	360.172675358092	124.130918691038
WZM0172344	4	81.5375443694537	400.978381743383
WZM0172345	8	191.351858775766	70.8414794621468
WZM0172346	10	337.400352466	97.8997002809965
WZM0172347	13	415.363233488554	101.818230328247
WZM0172352	6	88.8044192188441	141.155952608125
WZM0172353	9	335.093550485584	224.591580946667
WZM0172354	13	424.01190458554	101.861694860606
WZM0172355	6	66.284506110901	176.030890758485
WZM0172356	9	327.706736631835	186.264879768934
WZM0172358	4	50.456519660609	368.517403553102
WZM0172359	7	175.587312987716	77.8873942887078
WZM0172363	9	352.880502458998	223.370268372539
WZM0172365	13	428.812885201155	104.411011232383
WZM0172367	4	82.8902249723551	389.292748568798
WZM0172368	13	430.152212984717	100.390503794728
WZM0172370	10	316.611442288752	113.255243118996
WZM0172372	1	115.740535951067	393.680583107196
WZM0172373	9	349.449879056304	221.321205606691
WZM0172376	5	52.1515814653027	267.811209183878
WZM0172378	7	173.634362584829	56.1787528979104
WZM0172380	7	160.809454807657	43.024375669415
WZM0172381	6	111.873193346336	80.5225649917122
WZM0172382	9	334.022744376077	247.69399739219
WZM0172383	9	345.111096194068	240.056250336651
WZM0172384	10	341.835911166071	106.381826653806
WZM0173001	8	243.658673205367	92.0591633178225
WZM0173002	7	160.454195610978	92.9476794692638
WZM0173003	1	109.567150041221	369.212147573383
WZM0173004	6	78.068361870928	153.733984077846
WZM0173005	5	64.9315456965936	336.422119718871
WZM0173006	6	101.156189882627	126.871478306379
WZM0173008	13	391.663158961603	111.496742286995
WZM0173009	8	235.358790963918	87.9723480637736
WZM0173011	8	183.345510913603	95.8491256539213
WZM0173013	11	349.126537897625	177.436863832505
WZM0173014	10	317.176835231715	109.233755848383
WZM0173016	8	201.469645363553	71.5093804149724
WZM0173017	13	400.908521850019	86.1323815644633
WZM0173019	2	109.337683388014	397.085754456324
WZM0173020	2	96.4511283317184	378.599367918477
WZM0173022	10	317.230153453842	108.56479211333
WZM0173024	9	338.869226958025	192.124037301604
WZM0173026	1	122.579702866856	373.264584888032
WZM0173028	11	400.915338509058	138.179245538766
WZM0173029	4	53.9273827333812	350.342400767446
WZM0173030	13	408.455134774607	100.653176545067
WZM0173031	6	91.0158206155427	90.3605528834214
WZM0173032	12	328.847099666714	290.0744741177
WZM0173033	7	222.45095542557	73.3299458697618
WZM0173034	11	377.194905538015	187.459305029999
WZM0173035	7	158.229745766931	79.5901127438214
WZM0173036	13	392.421501372229	115.477324365057
WZM0173037	6	77.2037503463443	132.68412285909
WZM0173039	3	246.058810735372	378.30410030329
WZM0173040	8	148.311044780032	103.51920683276
WZM0173041	2	152.758550910527	368.0798715491
WZM0173042	10	332.501506424146	96.2867105789492
WZM0173043	5	54.7292781344015	324.689760689
WZM0173044	11	344.102657854497	193.946176015846
WZM0173046	6	102.393281292558	110.755049269601
WZM0173047	3	257.08269673649	369.216985330099
WZM0173048	6	73.990593293609	116.239301203363
WZM0173049	10	369.297366404942	131.788108208706
WZM0173050	9	341.252926228712	187.537192790753
WZM0173051	7	240.666452899556	82.0515941180133
WZM0173052	12	325.706400054765	306.409347435068
WZM0173055	6	118.982837423969	93.3272443921385
WZM0173056	4	73.1712655538606	383.626045450258
WZM0173057	10	343.049456040128	132.719018360515
WZM0173058	4	73.9058309753082	396.280965724032
WZM0173060	4	97.4380422111213	388.359682959186
WZM0173061	1	105.92404612505	360.630010299734
WZM0173063	13	389.023581138572	81.5796506084646
WZM0173065	1	114.103834527627	349.667553386362
WZM0173068	7	139.315585268287	81.93332570899
WZM0173069	11	362.52687386244	195.942567550901
WZM0173070	12	350.291463948429	285.120377540083
WZM0173071	4	59.1385419675555	409.241617289597
WZM0173072	7	178.033607998525	66.8434794934825
WZM0173073	8	167.291571967227	79.9840718551908
WZM0173074	4	69.3461945533811	367.444947077413
WZM0173075	7	166.112226301269	75.4499331150809
WZM0173076	14	342.905769153734	338.678545887387
WZM0173078	5	59.2581291846435	324.05150139923
WZM0173080	10	371.268434364074	125.825085023357
WZM0173081	12	347.608933656133	269.09493152885
WZM0173082	13	436.476610895498	110.145133448243
WZM0173083	4	55.8783183026561	357.768899594855
WZM0173084	9	323.364185454224	227.864055290832
WZM0173085	4	105.19414288196	383.387023394742
WZM0173087	6	94.8163658902412	149.45454875748
WZM0173088	13	422.618505382013	98.2030154869307
WZM0173089	12	314.34817257133	288.744249814613
WZM0173091	10	296.47322489874	96.1897411135205
WZM0173092	3	163.829189103809	381.600620803288
WZM0173093	4	40.6872892798448	371.609483710563
WZM0173094	4	64.1829312747151	344.30291070057
WZM0173095	8	207.705731510783	79.6213028407382
WZM0173098	11	366.280244373047	173.250385650591
WZM0173100	5	63.8370936086824	341.957550800014
WZM0173101	5	67.0184015728341	316.332756527474
WZM0173102	13	390.652453557855	94.1619965840649
WZM0173104	5	51.5544227152533	318.656407544261
WZM0173105	6	150.925819095969	103.524060659129
WZM0173106	4	64.0916354044642	367.613555156125
WZM0173107	1	101.416490147319	378.239908255662
WZM0173108	13	439.081644386667	84.5517364006541
WZM0173109	12	308.164596166021	303.560067505793
WZM0173111	6	95.823248567059	98.5151983049668
WZM0173113	1	123.249473506468	387.256504420516
WZM0173114	10	316.975221829421	126.670952922564
WZM0173115	10	301.68292967514	97.7534699935849
WZM0173116	12	308.389830069681	338.264319457945
WZM0173117	4	64.3578247575268	362.147367757188
WZM0173119	4	60.0375727223344	390.157155295773
WZM0173120	13	417.406383465165	98.1727677101024
WZM0173122	5	37.4699300632449	269.77389553281
WZM0173123	3	128.162879234019	375.825325037291
WZM0173124	7	222.645382016291	74.4175470147251
WZM0173125	3	149.658912824456	391.48437974161
WZM0173127	4	69.0632383025093	385.43060989058
WZM0173133	7	222.827125447175	61.8958872330001
WZM0173134	4	72.0817158447077	379.598406964988
WZM0173135	10	312.587611713641	88.5775049032947
WZM0173136	14	340.630496193184	326.658396044072
WZM0173137	14	324.503738645112	310.482853087175
WZM0173138	3	193.769448717292	402.229869716312
WZM0173139	6	135.158270054763	93.6609385447315
WZM0173140	9	345.215648726262	252.951576620132
WZM0173141	13	426.752167831675	104.874973468984
WZM0173142	9	333.744317346654	217.027821750075
WZM0173143	14	320.585210931828	329.427419478748
WZM0173144	14	346.431163439883	353.602098505972
WZM0173145	9	325.581458207107	199.465521623048
WZM0173146	13	431.942316885006	122.184792446788
WZM0173147	1	139.420232078894	388.721779832761
WZM0173148	14	317.004352182744	362.063010962677
WZM0173150	10	352.935653472137	109.467435793949
WZM0173151	4	79.088654894153	369.220662649764
WZM0173152	9	348.735107085187	196.63352791525
WZM0173153	13	423.415610439957	94.9630141701289
WZM0173154	12	329.481644288345	300.913564959477
WZM0173155	11	382.056959004392	139.124113537176
WZM0173157	13	413.625284063974	98.2106107683428
WZM0173160	1	109.646555368725	364.8346570581
WZM0173164	1	108.645140005837	391.719284259612
WZM0173165	7	157.35040830997	87.2434844761774
WZM0173166	10	298.258062624512	115.395201452335
WZM0173167	3	147.86595228909	402.510228826749
WZM0173168	11	348.79127254943	157.025537416992
WZM0173169	2	134.772872607989	409.369099354939
WZM0173170	12	331.065820417748	299.069003949596
WZM0173171	7	138.73328937259	93.4076998534489
WZM0173172	12	291.225017720998	333.877586902578
WZM0173174	4	86.2289034224976	386.268771941495
WZM0173175	7	167.340476361284	48.6797531810182
WZM0173176	14	328.275109274675	317.621309000529
WZM0173177	1	103.430163901625	370.73602608369
WZM0173180	10	352.550464756277	118.798553985877
WZM0173181	2	150.993760611681	377.490221769636
WZM0173182	10	325.955158138248	112.185582974839
WZM0173184	1	101.956021646949	356.464971105344
WZM0173185	8	200.1276800352	106.601404397811
WZM0173186	13	412.196917273628	106.821454826048
WZM0173187	4	73.991880183891	363.068683286023
WZM0173188	13	432.747691006024	92.9338175609849
WZM0173190	10	340.822307952219	93.0389977804431
WZM0173191	6	107.488894004623	125.326029836475
WZM0173193	10	337.960241552542	120.077810500918
WZM0173196	7	134.556098560103	57.5593713578319
WZM0173197	9	328.694385099778	256.452845481774
WZM0173198	2	128.177720579407	399.593765793722
WZM0173199	2	135.32243745282	431.493019607706
WZM0173200	3	209.372563400443	379.777605848534
WZM0173201	3	193.683804453242	381.967921727485
WZM0173202	12	345.37568640331	274.044198491785
WZM0173205	11	357.638705126228	164.776969672884
WZM0173206	13	446.066348919887	101.389273187877
WZM0173207	4	67.478734445239	401.994895477135
WZM0173210	7	181.426986083916	74.9090130513959
WZM0173211	8	199.154583716365	95.0220464243496
WZM0173213	7	147.85664444855	77.3161015307616
WZM0173214	14	357.80072159273	302.809098895658
WZM0173216	4	112.98224229975	359.30898647711
WZM0173217	7	154.253149410201	90.3452933338905
WZM0173218	6	97.6267142611031	102.556336715038
WZM0173220	2	127.623252244201	407.642227410916
WZM0173221	10	335.704493753754	99.2024828799742
WZM0173222	11	376.269901737345	242.924414343127
WZM0173223	13	396.165765948203	114.563663619757
WZM0173224	8	240.236403567014	89.3416840650694
WZM0173226	14	336.323868683477	358.078317481085
WZM0173229	10	298.114394646777	102.948726047132
WZM0173230	7	138.966964291398	81.7703275706331
WZM0173232	9	375.645988879183	230.203237401472
WZM0173233	1	107.287720093468	353.611840089825
WZM0173234	6	70.2336483867006	156.285187298379
WZM0173235	10	307.30136320247	101.160736358726
WZM0173237	12	317.901833131618	332.583678085039
WZM0173238	4	68.2413910806868	375.323453548593
WZM0173240	8	187.457427141709	62.3900846850084
WZM0173241	2	132.446501310286	414.993422738249
WZM0173242	12	314.069449544887	319.585529137397
WZM0173243	6	91.6997953093865	114.460977956703
WZM0173244	11	389.502697883297	180.085515915298
WZM0173245	12	306.275629178053	322.924284882177
WZM0173246	8	191.136221012669	84.1863992073536
WZM0173248	13	428.705686863909	107.683057711753
WZM0173249	5	58.8926972885278	213.291573512309
WZM0173250	4	63.4708929794838	382.067885997409
WZM0173251	4	66.2032100768322	371.701685122003
WZM0173252	8	199.199057001116	85.6212516868579
WZM0173253	2	100.629035300152	395.820266736093
WZM0173254	13	438.510467360851	82.2483886965182
WZM0173255	2	128.660317014951	417.545125364618
WZM0173256	10	333.743631050895	100.574519904292
WZM0173259	9	333.582118852071	175.726363984402
WZM0173260	4	63.0078936633954	388.834712431054
WZM0173261	12	316.840440594961	276.238149047927
WZM0173262	12	325.282505615099	290.464627811222
WZM0173263	13	422.218234514279	95.3799127533148
WZM0173264	6	138.491371693747	94.1301149836778
WZM0173265	9	331.023357840727	252.917417144445
WZM0173266	13	440.47154272123	86.1015909727549
WZM0173267	10	294.512830513078	100.163157430281
WZM0173269	2	108.378349940994	380.775515805131
WZM0173270	11	374.365280188095	185.533181011922
WZM0173271	10	334.483712802753	137.378503429795
WZM0173273	13	443.571737691732	86.9508014787286
WZM0173274	12	328.879896011785	298.891981513265
WZM0173277	3	238.952244115577	371.230179891719
WZM0173278	4	47.9710114048425	375.631200737393
WZM0173279	3	181.395553162989	392.354551798061
WZM0173281	2	129.911774842372	411.515149092745
WZM0173282	10	340.299994839793	119.520381137823
WZM0173283	5	50.3965881397698	223.239589000458
WZM0173284	10	324.484977733045	107.774221799922
WZM0173285	10	361.866648799535	112.912885014195
WZM0173287	1	125.241447618898	359.814819166037
WZM0173288	7	174.963889819964	73.3342700951977
WZM0173290	10	325.334165552658	112.275723070594
WZM0173291	3	230.982702021847	387.730910130735
WZM0173292	7	150.537752854098	71.7277531890748
WZM0173294	1	125.032025900098	372.122930058235
WZM0173295	1	100.87397777752	374.709804731251
WZM0173297	1	140.3240927132	409.015571710386
WZM0173298	1	115.563700560739	384.832303933603
WZM0173301	6	75.7663159823371	162.664496930318
WZM0173303	8	194.672627509672	88.6134071125033
WZM0173304	7	215.268149507532	70.4261346894875
WZM0173305	4	69.0786934440882	371.800049765454
WZM0173306	10	375.051446554931	100.628360721346
WZM0173307	9	338.461070243964	181.544725934422
WZM0173308	4	52.5572293265082	348.395392446606
WZM0173309	13	384.057689278339	98.4259535266189
WZM0173310	9	346.161830944658	213.195050567546
WZM0173311	7	150.678238487487	73.7611732828821
WZM0173312	13	416.569403205824	95.435963529142
WZM0173314	1	130.623388527008	374.314571534092
WZM0173315	13	438.814156311327	96.6453674766642
WZM0173316	8	163.86123990377	88.7014740183294
WZM0173317	1	106.264771920343	361.121302788414
WZM0173318	9	313.436565445171	246.381967210442
WZM0173319	6	91.7032068794373	131.106794308187
WZM0173320	6	115.29988617535	108.070244130571
WZM0173321	7	228.640840905411	66.6399767574191
WZM0173323	5	68.0136109608351	341.977322861623
WZM0173324	4	73.629207774822	347.956751326804
WZM0173326	2	116.6674100803	386.334162240392
WZM0173327	3	200.380048048111	381.34102422135
WZM0173328	4	69.2286211294091	381.566605220857
WZM0173329	2	129.233973466687	414.057485022177
WZM0173330	7	183.491332405003	58.6693674140198
WZM0173331	7	171.488618598514	70.7687622059202
WZM0173332	9	327.229559731551	160.953792872349
WZM0173333	4	58.9288349387721	363.902002233899
WZM0173334	13	441.507751351676	91.6802850872193
WZM0173335	2	116.580100862558	392.224307131129
WZM0173336	6	114.354248497282	93.6899505046724
WZM0173337	3	155.605239984567	380.005226147512
WZM0173339	3	161.078060282258	395.498850742676
WZM0173340	1	89.3771896626912	360.014433262108
WZM0173341	3	204.437793829316	374.556526225734
WZM0173342	10	303.905984398302	87.9322687806752
WZM0173343	14	349.719540449365	290.727437386558
WZM0173344	5	75.8672878792192	318.963452230891
WZM0173345	13	412.146966890546	103.000354361905
WZM0173346	13	422.845863979373	79.0366569831304
WZM0173347	11	359.382639514046	198.581924009221
WZM0173348	13	430.849725418702	85.3479687124558
WZM0173349	14	327.60655752943	357.743581449725
WZM0173350	4	57.2374990120238	395.858030095508
WZM0173351	4	55.5223560372466	366.764879947495
WZM0173352	6	114.046830428244	134.6503670522
WZM0173354	14	334.963421768939	364.554020514343
WZM0173355	13	434.931498462955	109.428863929545
WZM0173356	1	134.372044248107	360.600559168418
WZM0173357	7	204.325253479443	69.3217916605454
WZM0173358	10	348.978028970859	94.583240681844
WZM0173359	3	188.659454806072	394.961438047353
WZM0173363	13	431.854125922923	95.698025140792
WZM0173365	10	333.185534342754	111.680931565421
WZM0173366	7	212.486030069185	80.1687784624546
WZM0173367	10	359.052129768346	117.169392281368
WZM0173368	13	419.878286723775	97.3101703244933
WZM0173370	9	342.921514067676	216.78608060007
WZM0173371	13	387.241305749266	95.2300733076551
WZM0173372	13	406.997818411884	135.610919520039
WZM0173373	3	183.271065324694	403.22089897895
WZM0173374	1	113.232073581223	350.149445753233
WZM0173377	13	452.561992740702	92.2225686256442
WZM0173379	10	360.18470588819	122.613363960062
WZM0173381	10	312.662092137552	96.9268803853855
WZM0173382	3	127.625344933968	400.241039437077
WZM0173383	13	433.18260419451	93.903129910592
WZM0173384	4	79.6429418166221	385.437333677295
